5.000000000000000000e-01 4.887168659965943336e-09
5.010000000000000009e-01 5.669257437709542358e-09
5.020019999999999483e-01 5.517514029033675478e-09
5.030060039999999510e-01 4.643500539546843027e-09
5.040120160079999412e-01 5.723813435800795211e-09
5.050200400400159939e-01 5.644860195140294408e-09
5.060300801200959819e-01 4.925281781970140157e-09
5.070421402803362287e-01 5.822680955297615668e-09
5.080562245608969407e-01 6.694528693812775913e-09
5.090723370100187495e-01 5.897455388204434454e-09
5.100904816840388101e-01 6.247706239087793418e-09
5.111106626474068992e-01 6.893821466043161910e-09
5.121328839727017357e-01 6.560824950953213594e-09
5.131571497406471893e-01 7.878917678723843460e-09
5.141834640401284906e-01 8.121233410878057367e-09
5.152118309682087727e-01 7.973560044638136205e-09
5.162422546301451698e-01 8.480235055366886929e-09
5.172747391394054706e-01 1.228736975832141613e-08
5.183092886176843272e-01 1.016860701632446934e-08
5.193459071949196870e-01 9.682677176186667346e-09
5.203845990093095564e-01 9.074113249423955981e-09
5.214253682073282103e-01 9.437687772795913587e-09
5.224682189437428459e-01 9.424391771971839955e-09
5.235131553816303462e-01 9.221852842138990001e-09
5.245601816923936012e-01 8.555771949068624324e-09
5.256093020557783824e-01 9.214285908873660226e-09
5.266605206598898858e-01 1.276853253857056996e-08
5.277138417012097182e-01 1.107774315902905856e-08
5.287692693846121061e-01 9.452968708310123075e-09
5.298268079233813266e-01 1.030997543410143704e-08
5.308864615392281383e-01 9.508134998238674257e-09
5.319482344623065462e-01 9.970103962429644519e-09
5.330121309312311206e-01 1.483974854912070796e-08
5.340781551930935400e-01 1.165632265885985518e-08
5.351463115034796880e-01 1.103745682431574821e-08
5.362166041264866401e-01 1.115630850138838776e-08
5.372890373347396498e-01 1.368941245638948813e-08
5.383636154094091353e-01 1.205092218977201085e-08
5.394403426402279988e-01 1.304567705740752343e-08
5.405192233255085021e-01 1.532457260413772550e-08
5.416002617721594747e-01 1.435278783358312232e-08
5.426834622957037446e-01 1.484398571371821889e-08
5.437688292202951246e-01 1.456444987666268561e-08
5.448563668787357317e-01 1.528832712260272780e-08
5.459460796124931958e-01 1.570175948651206077e-08
5.470379717717182011e-01 1.411261722493146101e-08
5.481320477152615833e-01 1.588432594753507027e-08
5.492283118106920936e-01 1.551064751048776759e-08
5.503267684343134958e-01 1.651389980828272755e-08
5.514274219711821079e-01 1.641180581101523926e-08
5.525302768151244548e-01 1.663534972512034730e-08
5.536353373687546986e-01 1.666459432136899886e-08
5.547426080434921802e-01 1.655635277557035826e-08
5.558520932595791830e-01 1.801993410524584286e-08
5.569637974460983632e-01 1.967751040536284222e-08
5.580777250409905132e-01 1.884888971725483387e-08
5.591938804910725480e-01 2.201908048520931021e-08
5.603122682520547126e-01 2.097885839762387404e-08
5.614328927885587905e-01 1.992621524236060242e-08
5.625557585741358668e-01 2.094025869392974399e-08
5.636808700912840919e-01 2.086027606495197017e-08
5.648082318314666672e-01 2.136790308282706580e-08
5.659378482951296085e-01 2.350591339301237957e-08
5.670697239917198429e-01 2.216877567054203489e-08
5.682038634397033050e-01 2.270312050166634731e-08
5.693402711665827010e-01 2.356319577385425369e-08
5.704789517089158268e-01 2.513003632199920326e-08
5.716199096123336654e-01 2.508467284116077285e-08
5.727631494315583716e-01 2.453883138688700164e-08
5.739086757304214803e-01 2.496932186482030814e-08
5.750564930818823361e-01 2.677161044970016242e-08
5.762066060680460788e-01 2.743883967877041148e-08
5.773590192801821841e-01 2.708933564055824999e-08
5.785137373187425602e-01 2.881946478699705242e-08
5.796707647933800889e-01 2.880395950647083511e-08
5.808301063229668326e-01 2.956091804422857921e-08
5.819917665356127978e-01 2.974771294169606261e-08
5.831557500686840312e-01 3.037281093695737528e-08
5.843220615688213826e-01 3.129308337775059297e-08
5.854907056919590458e-01 3.346707301801098230e-08
5.866616871033429881e-01 3.406237504822156051e-08
5.878350104775497131e-01 3.365891936755079111e-08
5.890106804985048017e-01 3.936679603628801532e-08
5.901887018595017853e-01 3.791347264915965336e-08
5.913690792632207982e-01 3.659567855410876645e-08
5.925518174217472289e-01 3.838721747669135372e-08
5.937369210565907052e-01 3.883603265346234888e-08
5.949243948987038566e-01 3.973913207201702924e-08
5.961142436885012996e-01 3.976531531437225849e-08
5.973064721758782891e-01 4.091327922171063910e-08
5.985010851202300364e-01 4.307314596070200387e-08
5.996980872904704718e-01 4.383247373463476574e-08
6.008974834650514518e-01 4.509848533799353257e-08
6.020992784319815216e-01 4.710510937123911778e-08
6.033034769888454552e-01 4.740359111169525441e-08
6.045100839428231287e-01 4.650146370629187773e-08
6.057191041107087282e-01 4.867077162395333026e-08
6.069305423189301774e-01 5.018997065353331804e-08
6.081444034035680124e-01 5.137496754944882031e-08
6.093606922103751433e-01 5.344026145949677348e-08
6.105794135947958390e-01 5.480556809220850540e-08
6.118005724219853780e-01 5.677719445232635554e-08
6.130241735668293668e-01 5.732333178796585855e-08
6.142502219139630570e-01 6.162707346273284176e-08
6.154787223577909971e-01 6.241773971977744662e-08
6.167096798025065718e-01 6.609552629822960644e-08
6.179430991621115421e-01 6.218265271993117013e-08
6.191789853604358074e-01 6.527102710478509060e-08
6.204173433311567232e-01 6.403725613722898089e-08
6.216581780178190852e-01 6.764854322659850125e-08
6.229014943738546695e-01 7.098544871566776608e-08
6.241472973626023268e-01 7.102442937038781003e-08
6.253955919573275235e-01 7.623110993493150287e-08
6.266463831412422136e-01 7.485894372042688022e-08
6.278996759075247125e-01 7.769752156857559880e-08
6.291554752593397914e-01 7.748990931596641248e-08
6.304137862098584399e-01 7.967890358815127700e-08
6.316746137822781826e-01 8.282702036699274501e-08
6.329379630098427301e-01 8.066741732569316221e-08
6.342038389358624073e-01 8.443695212320355100e-08
6.354722466137341375e-01 8.573012084529329965e-08
6.367431911069616479e-01 8.720784450381522252e-08
6.380166774891755654e-01 8.830529869413716537e-08
6.392927108441539552e-01 9.179386373042161762e-08
6.405712962658423049e-01 9.683838328120502190e-08
6.418524388583739526e-01 9.829761995964475217e-08
6.431361437360907374e-01 9.806638593130937023e-08
6.444224160235628718e-01 1.016833825522798752e-07
6.457112608556100364e-01 1.052826423468167160e-07
6.470026833773212527e-01 1.047879373710836997e-07
6.482966887440758663e-01 1.058695105176954370e-07
6.495932821215639752e-01 1.156040247102983526e-07
6.508924686858070796e-01 1.118421255354435198e-07
6.521942536231787324e-01 1.117618825316763082e-07
6.534986421304250781e-01 1.142841221686447085e-07
6.548056394146859471e-01 1.195790094181848457e-07
6.561152506935152839e-01 1.338760278299716316e-07
6.574274811949023523e-01 1.273037247714387947e-07
6.587423361572921632e-01 1.268363492818505379e-07
6.600598208296067915e-01 1.283513164349402652e-07
6.613799404712660257e-01 1.300133925021350610e-07
6.627027003522085735e-01 1.337262856649972991e-07
6.640281057529130448e-01 1.376512208282977400e-07
6.653561619644188241e-01 1.381894180984090571e-07
6.666868742883476084e-01 1.423840172614380378e-07
6.680202480369242801e-01 1.472173828343866626e-07
6.693562885329981116e-01 1.470313668134100727e-07
6.706950011100640818e-01 1.586417171719456281e-07
6.720363911122841927e-01 1.570365037146182212e-07
6.733804638945087850e-01 1.575007422196224538e-07
6.747272248222978552e-01 1.615601383491726795e-07
6.760766792719424823e-01 1.626273297356291292e-07
6.774288326304863661e-01 1.685467155762540690e-07
6.787836902957473662e-01 1.710996466699699242e-07
6.801412576763388174e-01 1.761103461110436283e-07
6.815015401916915128e-01 1.793167068889808337e-07
6.828645432720749087e-01 1.818848611523891839e-07
6.842302723586191071e-01 1.883098379221441640e-07
6.855987329033363942e-01 1.925136873886157007e-07
6.869699303691431114e-01 1.925483170546619443e-07
6.883438702298814160e-01 1.977960473957080030e-07
6.897205579703411527e-01 1.999331986188802269e-07
6.910999990862818354e-01 2.045321359857452412e-07
6.924821990844544084e-01 2.119845180896988574e-07
6.938671634826233392e-01 2.144971260794364955e-07
6.952548978095886012e-01 2.219185391001210534e-07
6.966454076052077671e-01 2.233173976527601155e-07
6.980386984204182133e-01 2.352531394104610988e-07
6.994347758172591023e-01 2.330717458250673569e-07
7.008336453688935874e-01 2.413370458171341038e-07
7.022353126596313500e-01 2.483322322720809564e-07
7.036397832849505818e-01 2.507795568690401375e-07
7.050470628515205229e-01 2.513834736493240923e-07
7.064571569772235549e-01 2.589823281635563790e-07
7.078700712911779602e-01 2.599811881036323610e-07
7.092858114337603492e-01 2.723368020197622400e-07
7.107043830566278642e-01 2.747340281397101694e-07
7.121257918227411610e-01 2.850642345229952449e-07
7.135500434063866138e-01 2.880923131786691135e-07
7.149771434931994074e-01 3.028514036537744883e-07
7.164070977801858531e-01 2.983022217015964117e-07
7.178399119757462588e-01 3.078441439061480412e-07
7.192755917996977999e-01 3.208835313330899850e-07
7.207141429832971680e-01 3.233548285034250696e-07
7.221555712692637741e-01 3.203746376557349387e-07
7.235998824118022865e-01 3.244024792416272250e-07
7.250470821766259455e-01 3.367735948381411443e-07
7.264971763409792116e-01 3.387200880875973481e-07
7.279501706936611916e-01 3.454929763790801204e-07
7.294060710350485088e-01 3.629147657859642396e-07
7.308648831771186183e-01 3.662674679326707642e-07
7.323266129434728988e-01 3.689727028074030903e-07
7.337912661693598571e-01 3.726035414263424089e-07
7.352588487016985530e-01 3.818825598455554512e-07
7.367293663991019148e-01 3.861002397731006986e-07
7.382028251319001644e-01 3.948020895174473146e-07
7.396792307821639101e-01 4.128654583020401487e-07
7.411585892437282386e-01 4.249568285273628151e-07
7.426409064222156964e-01 4.262041728413497115e-07
7.441261882350601597e-01 4.244603109790132172e-07
7.456144406115302603e-01 4.392278297863817974e-07
7.471056694927533659e-01 4.384195106579273364e-07
7.485998808317388953e-01 4.494116586789564953e-07
7.500970805934024099e-01 4.705821847182093513e-07
7.515972747545892618e-01 4.730829521891344232e-07
7.531004693040984632e-01 4.755069604625876001e-07
7.546066702427066675e-01 4.790187873495854836e-07
7.561158835831920388e-01 4.977722028106118906e-07
7.576281153503584553e-01 4.990706397233295260e-07
7.591433715810591565e-01 5.189696592353037161e-07
7.606616583242212792e-01 5.180858503907753511e-07
7.621829816408697278e-01 5.426725013381924043e-07
7.637073476041514875e-01 5.302180855074088212e-07
7.652347622993598275e-01 5.494868732299511461e-07
7.667652318239585041e-01 5.802166825239282306e-07
7.682987622876064071e-01 5.664774913953694416e-07
7.698353598121816521e-01 5.805608372602358621e-07
7.713750305318060052e-01 5.911919830104879441e-07
7.729177805928696410e-01 6.053526199449548548e-07
7.744636161540553454e-01 6.198610883272017031e-07
7.760125433863634958e-01 6.138504770274022478e-07
7.775645684731362639e-01 6.328668610083375277e-07
7.791196976100824845e-01 6.397246974818395678e-07
7.806779370053026357e-01 6.564084107228508123e-07
7.822392928793132638e-01 6.620922952533678652e-07
7.838037714650718524e-01 6.859851279553997175e-07
7.853713790080020241e-01 6.881389702544032113e-07
7.869421217660180767e-01 6.940338580222739429e-07
7.885160060095500745e-01 7.123510383109797850e-07
7.900930380215691606e-01 7.309809747587353586e-07
7.916732240976123158e-01 7.527657908563734027e-07
7.932565705458075600e-01 7.776751535398771545e-07
7.948430836868991545e-01 8.068945160215914700e-07
7.964327698542729150e-01 7.815479010717692767e-07
7.980256353939814140e-01 7.937075392622060876e-07
7.996216866647694044e-01 8.217351118774948973e-07
8.012209300380989108e-01 8.193087339118963535e-07
8.028233718981750977e-01 8.438901563767584069e-07
8.044290186419714717e-01 8.620324648427728894e-07
8.060378766792554162e-01 8.661091042948210903e-07
8.076499524326139490e-01 8.872975146212308440e-07
8.092652523374791462e-01 9.119837732234528164e-07
8.108837828421541216e-01 9.132742457290038472e-07
8.125055504078384505e-01 9.189669916580232822e-07
8.141305615086541492e-01 9.418727754357091528e-07
8.157588226316714319e-01 9.610821254853620083e-07
8.173903402769348014e-01 9.709502455045463298e-07
8.190251209574886948e-01 1.014904527353286457e-06
8.206631711994036849e-01 1.034296046520870252e-06
8.223044975418024594e-01 1.072750230882304042e-06
8.239491065368860223e-01 1.038150382439274328e-06
8.255970047499597841e-01 1.056151685284564016e-06
8.272481987594596520e-01 1.067442537578365716e-06
8.289026951569785640e-01 1.084259124442245320e-06
8.305605005472924685e-01 1.132234140258442568e-06
8.322216215483870805e-01 1.151255879802753910e-06
8.338860647914838609e-01 1.177066789070502407e-06
8.355538369210668836e-01 1.171595706371586177e-06
8.372249445949090374e-01 1.193056415956615753e-06
8.388993944840988926e-01 1.267971418618443372e-06
8.405771932730671248e-01 1.220541446809457295e-06
8.422583476596132712e-01 1.250894911483062069e-06
8.439428643549324871e-01 1.302893456086529530e-06
8.456307500836423019e-01 1.268219253181264257e-06
8.473220115838095978e-01 1.337657402331926352e-06
8.490166556069772552e-01 1.311846423711538624e-06
8.507146889181912419e-01 1.373039688040837362e-06
8.524161182960275918e-01 1.413978889446239939e-06
8.541209505326196050e-01 1.588212850859393825e-06
8.558291924336848266e-01 1.436628638874768885e-06
8.575408508185522471e-01 1.436134554041917422e-06
8.592559325201893916e-01 1.456423101413839109e-06
8.609744443852297424e-01 1.521217282992573483e-06
8.626963932740001617e-01 1.504416654641483045e-06
8.644217860605482029e-01 1.538674676446175262e-06
8.661506296326693111e-01 1.731725503464930616e-06
8.678829308919346897e-01 1.655876760768330962e-06
8.696186967537186119e-01 1.684281485324397292e-06
8.713579341472260653e-01 1.647824397708961081e-06
8.731006500155205075e-01 1.654391852433032546e-06
8.748468513155515103e-01 1.706802358030399789e-06
8.765965450181826268e-01 1.722820730669393904e-06
8.783497381082190358e-01 1.754572995912666651e-06
8.801064375844355192e-01 1.797790031037703038e-06
8.818666504596044398e-01 1.807198452892421981e-06
8.836303837605236078e-01 1.862294084321524892e-06
8.853976445280447027e-01 1.828592156716319118e-06
8.871684398171008068e-01 1.903028900480314104e-06
8.889427766967350486e-01 1.863061339036396630e-06
8.907206622501284699e-01 1.895969355488958285e-06
8.925021035746287801e-01 1.929649168693683744e-06
8.942871077817780012e-01 1.870634451574368874e-06
8.960756819973415555e-01 1.970788558830899131e-06
8.978678333613362428e-01 2.036919923558378402e-06
8.996635690280588848e-01 2.118906861102106389e-06
9.014628961661149686e-01 2.159713554809678883e-06
9.032658219584471793e-01 2.111497229416229484e-06
9.050723536023640436e-01 2.134256913015442602e-06
9.068824983095687964e-01 2.178162873793218466e-06
9.086962633061879124e-01 2.285043771587298976e-06
9.105136558328003060e-01 2.301317552872308440e-06
9.123346831444658633e-01 2.278041635636153915e-06
9.141593525107547524e-01 2.323083878926767553e-06
9.159876712157762890e-01 2.346404463212528915e-06
9.178196465582078023e-01 2.408602819754195029e-06
9.196552858513241668e-01 2.448476072600211739e-06
9.214945964230267794e-01 2.523353198242027496e-06
9.233375856158728689e-01 2.576100185379515999e-06
9.251842607871045843e-01 2.502198157169427696e-06
9.270346293086787481e-01 2.580462864374134532e-06
9.288886985672960561e-01 2.466514012369653672e-06
9.307464759644306085e-01 2.599675811784443877e-06
9.326079689163594422e-01 2.489975123848822678e-06
9.344731848541921737e-01 2.348375956932240925e-06
9.363421312239005312e-01 2.651416879512554952e-06
9.382148154863483303e-01 2.716681062695954337e-06
9.400912451173210060e-01 2.846216235957389991e-06
9.419714276075557002e-01 3.050067613325200477e-06
9.438553704627707930e-01 3.007189776857271833e-06
9.457430812036963230e-01 2.894321299760371570e-06
9.476345673661037416e-01 2.755223087626570493e-06
9.495298365008359998e-01 2.922869192414602776e-06
9.514288961738376349e-01 3.036606620085309929e-06
9.533317539661853024e-01 3.094374839469635159e-06
9.552384174741176404e-01 3.088372773709090840e-06
9.571488943090659118e-01 3.007057704144396530e-06
9.590631920976840918e-01 3.141375902444096138e-06
9.609813184818795095e-01 3.281892404224059538e-06
9.629032811188432683e-01 3.303722151133406644e-06
9.648290876810809991e-01 3.278187865087990774e-06
9.667587458564431691e-01 3.379134956756179064e-06
9.686922633481560574e-01 3.493798571015020768e-06
9.706296478748523970e-01 3.418940443927458574e-06
9.725709071706021280e-01 2.935793403080753384e-06
9.745160489849433727e-01 3.608370189782377025e-06
9.764650810829132999e-01 3.608998746290766070e-06
9.784180112450791000e-01 3.571653596714553029e-06
9.803748472675692938e-01 3.663304407873053520e-06
9.823355969621044848e-01 3.709157798560236070e-06
9.843002681560286682e-01 3.823709115709587926e-06
9.862688686923407611e-01 3.825238021062583864e-06
9.882414064297254663e-01 3.923513370797346638e-06
9.902178892425849144e-01 3.930771327537140420e-06
9.921983250210700822e-01 3.985143404489641453e-06
9.941827216711122128e-01 4.036082336198726288e-06
9.961710871144544566e-01 4.048263543698767720e-06
9.981634292886834015e-01 4.176121972316682116e-06
1.000159756147260826e+00 4.282582297322846534e-06
1.002160075659555449e+00 4.250936429301082245e-06
1.004164395810874577e+00 4.356255800972054035e-06
1.006172724602496293e+00 4.458801500124311745e-06
1.008185070051701215e+00 4.447808710243862951e-06
1.010201440191804689e+00 4.541852345177166164e-06
1.012221843072188321e+00 4.573813598457682111e-06
1.014246286758332616e+00 4.641423843412870465e-06
1.016274779331849176e+00 4.754943964431264092e-06
1.018307328890512897e+00 4.775181842275949384e-06
1.020343943548293941e+00 4.896574643426067180e-06
1.022384631435390601e+00 4.975158829641335095e-06
1.024429400698261272e+00 4.962976363339425244e-06
1.026478259499657764e+00 5.028016429296526075e-06
1.028531216018657046e+00 5.124629241405753885e-06
1.030588278450694339e+00 5.132255086452667002e-06
1.032649455007595751e+00 5.252704856788315304e-06
1.034714753917610919e+00 5.404691404061784121e-06
1.036784183425446093e+00 5.461888281631371065e-06
1.038857751792297002e+00 5.404431616774196372e-06
1.040935467295881489e+00 5.504940151074125624e-06
1.043017338230473268e+00 5.626326883517886987e-06
1.045103372906934114e+00 5.624385192344223558e-06
1.047193579652748063e+00 5.787452771340866339e-06
1.049287966812053607e+00 5.778638314290363636e-06
1.051386542745677666e+00 5.845236110164170523e-06
1.053489315831169115e+00 5.912653662779051768e-06
1.055596294462831430e+00 5.951573663405191527e-06
1.057707487051757100e+00 6.100238831498614829e-06
1.059822902025860714e+00 6.204113908359584625e-06
1.061942547829912487e+00 6.228552725021859694e-06
1.064066432925572236e+00 6.252136848247473038e-06
1.066194565791423354e+00 6.545551289630388464e-06
1.068326954923006111e+00 6.552700911529024150e-06
1.070463608832852076e+00 6.711753907620716367e-06
1.072604536050517865e+00 6.763849391126378647e-06
1.074749745122618894e+00 6.869249462521620126e-06
1.076899244612864237e+00 6.751666538008386091e-06
1.079053043102089937e+00 7.197941195648253564e-06
1.081211149188294085e+00 7.319805358263754148e-06
1.083373571486670572e+00 7.344238861153014982e-06
1.085540318629643952e+00 7.125860748168504663e-06
1.087711399266903189e+00 7.346448996371666140e-06
1.089886822065436967e+00 7.221559836940747847e-06
1.092066595709567878e+00 7.087490430783928698e-06
1.094250728900987069e+00 7.613239124690671781e-06
1.096439230358789096e+00 7.788147654419743247e-06
1.098632108819506570e+00 7.491638184513271478e-06
1.100829373037145675e+00 7.716531259682425368e-06
1.103031031783219928e+00 7.198290606444989804e-06
1.105237093846786367e+00 7.154643964602194574e-06
1.107447568034479968e+00 7.070729681645563097e-06
1.109662463170548952e+00 7.666448393963098997e-06
1.111881788096890089e+00 7.125178883171235054e-06
1.114105551673083783e+00 7.493674164075852453e-06
1.116333762776430039e+00 6.858489826025424333e-06
1.118566430301982884e+00 8.479705106610163561e-06
1.120803563162586780e+00 8.453736867549437303e-06
1.123045170288911931e+00 8.377619654158281222e-06
1.125291260629489809e+00 7.306139480896121346e-06
1.127541843150748679e+00 8.563729377279321824e-06
1.129796926837050242e+00 8.294939727469763404e-06
1.132056520690724266e+00 8.277780218957509544e-06
1.134320633732105676e+00 7.095250607040184661e-06
1.136589274999569854e+00 8.768269642172327335e-06
1.138862453549569054e+00 8.724464232258051047e-06
1.141140178456668153e+00 8.218448963854068197e-06
1.143422458813581510e+00 9.236767012930350071e-06
1.145709303731208717e+00 9.225513137776916115e-06
1.148000722338671231e+00 8.612822114047180905e-06
1.150296723783348574e+00 9.092740045159969467e-06
1.152597317230915186e+00 7.280656184043262951e-06
1.154902511865377068e+00 9.370202133757274233e-06
1.157212316889107750e+00 8.599692176687086451e-06
1.159526741522886040e+00 9.171785718566477079e-06
1.161845795005931770e+00 9.107214683086369225e-06
1.164169486595943548e+00 9.868915943361659767e-06
1.166497825569135394e+00 9.282892886994200174e-06
1.168830821220273597e+00 9.513674869626916470e-06
1.171168482862714244e+00 1.007694738724897610e-05
1.173510819828439633e+00 9.616858765970695962e-06
1.175857841468096465e+00 9.902500677745915291e-06
1.178209557151032705e+00 1.028145811326700907e-05
1.180565976265334660e+00 1.044204197006983758e-05
1.182927108217865397e+00 1.140014713919422500e-05
1.185292962434301156e+00 9.259622526698581965e-06
1.187663548359169763e+00 1.132158525263059615e-05
1.190038875455888157e+00 1.106963836647230506e-05
1.192418953206799914e+00 1.095740463479227818e-05
1.194803791113213443e+00 1.155900602202891329e-05
1.197193398695439948e+00 1.185105551962885592e-05
1.199587785492830738e+00 1.265880907834770442e-05
1.201986961063816306e+00 1.178621929034484004e-05
1.204390934985943851e+00 1.248876993609435690e-05
1.206799716855915694e+00 1.225901809422756012e-05
1.209213316289627471e+00 1.329543480054656393e-05
1.211631742922206767e+00 1.250643925759814652e-05
1.214055006408051085e+00 1.253022245446615721e-05
1.216483116420867150e+00 1.259480509810933476e-05
1.218916082653708877e+00 1.278731046596793642e-05
1.221353914819016229e+00 1.291811522282132929e-05
1.223796622648654298e+00 1.293256069420037453e-05
1.226244215893951717e+00 1.340884239724446367e-05
1.228696704325739519e+00 1.331088095072065610e-05
1.231154097734391106e+00 1.344993770917433130e-05
1.233616405929859994e+00 1.373948289995849680e-05
1.236083638741719781e+00 1.428674228455115376e-05
1.238555806019203231e+00 1.391532542814217693e-05
1.241032917631241572e+00 1.406196929122497607e-05
1.243514983466504020e+00 1.439984471534381096e-05
1.246002013433437083e+00 1.425284528576464543e-05
1.248494017460303862e+00 1.435621288886472750e-05
1.250991005495224462e+00 1.481500845779316769e-05
1.253492987506214851e+00 1.500704856395325399e-05
1.255999973481227272e+00 1.499410310666920281e-05
1.258511973428189767e+00 1.502011726449354273e-05
1.261028997375046146e+00 1.531693490434274111e-05
1.263551055369796172e+00 1.551111548300903781e-05
1.266078157480535760e+00 1.518160695288888089e-05
1.268610313795496936e+00 1.554915511474311529e-05
1.271147534423088032e+00 1.562784444003890164e-05
1.273689829491934100e+00 1.575956446607531088e-05
1.276237209150917984e+00 1.574414358102656144e-05
1.278789683569219848e+00 1.570717402354555406e-05
1.281347262936358256e+00 1.695342229467102537e-05
1.283909957462231022e+00 1.646188321566274958e-05
1.286477777377155407e+00 1.604230607429021755e-05
1.289050732931909637e+00 1.645797244938944470e-05
1.291628834397773540e+00 1.639912042567334303e-05
1.294212092066569175e+00 1.695669827420040894e-05
1.296800516250702362e+00 1.683256620571859280e-05
1.299394117283203753e+00 1.713152077430475523e-05
1.301992905517770138e+00 1.721075795214145913e-05
1.304596891328805741e+00 1.762994395491505770e-05
1.307206085111463301e+00 1.707537102843025077e-05
1.309820497281686258e+00 1.752792854538857216e-05
1.312440138276249613e+00 1.779957791086220111e-05
1.315065018552802112e+00 1.932061743842131512e-05
1.317695148589907772e+00 1.826663628636020697e-05
1.320330538887087624e+00 1.801542997484248694e-05
1.322971199964861899e+00 1.787561777952774029e-05
1.325617142364791556e+00 1.707283426842919291e-05
1.328268376649521132e+00 1.754551566638362276e-05
1.330924913402820264e+00 1.747876845504038894e-05
1.333586763229625882e+00 1.706407795242324149e-05
1.336253936756085059e+00 1.490320423737812811e-05
1.338926444629597201e+00 1.423726271542808240e-05
1.341604297518856459e+00 1.203768418693099422e-05
1.344287506113894137e+00 1.253331749469635941e-05
1.346976081126121993e+00 1.327248960040253880e-05
1.349670033288374205e+00 1.590832057546596426e-05
1.352369373354950888e+00 9.094116660353062571e-06
1.355074112101660733e+00 9.602325802280057629e-06
1.357784260325864079e+00 9.963292480870283795e-06
1.360499828846515769e+00 1.430854453821212996e-05
1.363220828504208892e+00 1.404234167355055710e-05
1.365947270161217419e+00 1.699081626618006348e-05
1.368679164701539941e+00 1.192505420913025227e-05
1.371416523030942969e+00 1.357328322337980952e-05
1.374159356077004901e+00 1.402110212213460981e-05
1.376907674789158875e+00 1.404287155358511118e-05
1.379661490138737179e+00 1.656888255065986355e-05
1.382420813119014547e+00 1.276350264828340805e-05
1.385185654745252570e+00 1.268660434304855276e-05
1.387956026054742997e+00 1.140876368085949143e-05
1.390731938106852583e+00 1.235851988508944028e-05
1.393513401983066391e+00 1.289585093065341153e-05
1.396300428787032422e+00 1.378562739096582871e-05
1.399093029644606467e+00 1.716077563709485045e-05
1.401891215703895632e+00 1.775549909702074647e-05
1.404694998135303408e+00 1.829575781430101676e-05
1.407504388131574080e+00 1.328168065388403839e-05
1.410319396907837142e+00 1.575942068934996291e-05
1.413140035701652808e+00 1.623275850615700928e-05
1.415966315773056206e+00 1.589684974633339537e-05
1.418798248404602225e+00 1.130918920659237936e-05
1.421635844901411483e+00 1.553205136501171742e-05
1.424479116591214289e+00 1.936680370302776849e-05
1.427328074824396609e+00 1.692342250173892087e-05
1.430182730974045358e+00 1.938070340382341890e-05
1.433043096435993480e+00 1.650081766680803553e-05
1.435909182628865466e+00 1.817748559052021254e-05
1.438781000994123094e+00 1.851498830725897081e-05
1.441658562996111392e+00 1.676001423000086715e-05
1.444541880122103716e+00 1.597990716977098480e-05
1.447430963882347932e+00 1.513814285609868822e-05
1.450325825810112601e+00 1.513951669918924852e-05
1.453226477461732724e+00 1.854056555763500396e-05
1.456132930416656146e+00 1.870788497372630500e-05
1.459045196277489520e+00 1.846673389185572600e-05
1.461963286670044493e+00 1.875711974321671221e-05
1.464887213243384556e+00 1.960022313707866093e-05
1.467816987669871232e+00 1.640634948299226064e-05
1.470752621645210922e+00 1.999093582770774594e-05
1.473694126888501321e+00 1.952725560102379357e-05
1.476641515142278260e+00 1.909491547568238355e-05
1.479594798172562786e+00 1.965739037585504965e-05
1.482553987768908010e+00 2.307153785904749854e-05
1.485519095744445739e+00 2.102197216858962928e-05
1.488490133935934656e+00 2.361061068823593125e-05
1.491467114203806510e+00 2.070984692124443652e-05
1.494450048432214073e+00 2.183978529303257901e-05
1.497438948529078440e+00 2.322544131175909065e-05
1.500433826426136541e+00 2.316378127310384389e-05
1.503434694078988887e+00 2.731111252577356018e-05
1.506441563467146860e+00 2.481416587824826074e-05
1.509454446594081123e+00 2.528085781400826718e-05
1.512473355487269355e+00 2.387863709938643122e-05
1.515498302198243996e+00 2.566798046495158815e-05
1.518529298802640426e+00 2.349694398877287202e-05
1.521566357400245817e+00 2.622700245870884293e-05
1.524609490115046206e+00 2.454906618318282357e-05
1.527658709095276235e+00 2.686373132627491248e-05
1.530714026513466886e+00 2.619134342934457740e-05
1.533775454566493890e+00 2.919686319146863021e-05
1.536843005475626800e+00 2.753742930501187273e-05
1.539916691486578060e+00 2.836363781592199479e-05
1.542996524869551189e+00 2.978300551351961925e-05
1.546082517919290300e+00 2.926144694984016506e-05
1.549174682955128945e+00 2.924315377101077419e-05
1.552273032321039192e+00 3.024449706649944198e-05
1.555377578385681359e+00 3.228629247500155628e-05
1.558488333542452642e+00 3.092046923716996895e-05
1.561605310209537523e+00 3.154662723117600059e-05
1.564728520829956615e+00 3.100099688152898664e-05
1.567857977871616626e+00 3.299486544574164483e-05
1.570993693827359872e+00 3.220438552621142424e-05
1.574135681215014682e+00 3.496586736397134474e-05
1.577283952577444692e+00 3.952496242878301405e-05
1.580438520482599474e+00 3.197909778792973117e-05
1.583599397523564711e+00 3.485170201359277396e-05
1.586766596318611944e+00 3.419473936038603718e-05
1.589940129511249189e+00 3.693821856523315698e-05
1.593120009770271794e+00 3.404537055525225762e-05
1.596306249789812393e+00 3.789793521652366201e-05
1.599498862289391976e+00 3.513964058735890455e-05
1.602697860013970743e+00 3.478412226656159859e-05
1.605903255733998725e+00 3.695498195420441001e-05
1.609115062245466632e+00 3.632145516382285816e-05
1.612333292369957594e+00 3.712354400479743699e-05
1.615557958954697559e+00 3.847272878579694941e-05
1.618789074872607037e+00 3.748985609829084969e-05
1.622026653022352161e+00 3.801532358171905130e-05
1.625270706328396875e+00 3.724326537819909347e-05
1.628521247741053779e+00 3.748550355246638464e-05
1.631778290236535867e+00 3.888189739276066970e-05
1.635041846817008926e+00 3.782633677920682380e-05
1.638311930510642833e+00 4.059675750580231569e-05
1.641588554371664177e+00 4.011845414679318113e-05
1.644871731480407551e+00 4.129533619600618462e-05
1.648161474943368399e+00 4.080815933042503319e-05
1.651457797893255197e+00 4.009038705945043314e-05
1.654760713489041635e+00 4.109899970730593620e-05
1.658070234916019681e+00 4.096392994509306582e-05
1.661386375385851766e+00 4.126852363197140657e-05
1.664709148136623407e+00 4.187522346558020914e-05
1.668038566432896719e+00 4.240068453438518363e-05
1.671374643565762597e+00 4.400587891596262986e-05
1.674717392852894227e+00 4.393426303871000464e-05
1.678066827638599934e+00 4.373304430153602792e-05
1.681422961293877139e+00 4.542168315793049851e-05
1.684785807216464981e+00 4.442166178451664575e-05
1.688155378830897835e+00 4.399905660025644046e-05
1.691531689588559706e+00 4.553006002514761226e-05
1.694914752967736860e+00 4.433671705189024638e-05
1.698304582473672442e+00 4.567428736984898975e-05
1.701701191638619770e+00 4.736654255232222889e-05
1.705104594021896958e+00 4.506303464827801300e-05
1.708514803209940647e+00 4.362506510137347340e-05
1.711931832816360632e+00 4.793409724503482484e-05
1.715355696481993375e+00 4.510364059878865345e-05
1.718786407874957289e+00 4.227968299100075055e-05
1.722223980690707146e+00 4.764689713240143228e-05
1.725668428652088471e+00 4.769348035035081657e-05
1.729119765509392614e+00 4.381392860172141860e-05
1.732578005040411373e+00 4.644865405174708131e-05
1.736043161050492278e+00 4.314708256447060607e-05
1.739515247372593221e+00 4.381550950187761812e-05
1.742994277867338404e+00 4.249192456608261290e-05
1.746480266423073191e+00 3.937643557389795129e-05
1.749973226955919392e+00 4.688714841129702559e-05
1.753473173409831221e+00 4.238421554757060928e-05
1.756980119756650804e+00 3.816547605256635659e-05
1.760494079996164141e+00 3.514053966480753746e-05
1.764015068156156385e+00 4.610591833527385959e-05
1.767543098292468695e+00 3.934284582918105898e-05
1.771078184489053742e+00 3.644599945917789593e-05
1.774620340858031886e+00 3.912566796715146220e-05
1.778169581539748023e+00 4.400835881617827674e-05
1.781725920702827537e+00 3.291378471511476154e-05
1.785289372544233144e+00 3.828410835509688941e-05
1.788859951289321515e+00 3.476824989632585104e-05
1.792437671191900117e+00 4.112525082810910025e-05
1.796022546534283837e+00 3.269217271671140759e-05
1.799614591627352489e+00 3.694788460961628878e-05
1.803213820810607215e+00 4.001124875720335358e-05
1.806820248452228439e+00 3.963227648829182513e-05
1.810433888949132930e+00 3.598343458034328017e-05
1.814054756727031092e+00 4.804695648659435540e-05
1.817682866240485140e+00 4.646982917299230303e-05
1.821318231972966162e+00 3.234851392141160757e-05
1.824960868436912076e+00 4.195295874083163252e-05
1.828610790173785805e+00 4.151886549670775453e-05
1.832268011754133452e+00 3.580301113095666656e-05
1.835932547777641810e+00 3.776862847807583711e-05
1.839604412873197203e+00 4.043543757320311661e-05
1.843283621698943664e+00 4.785416755739676289e-05
1.846970188942341551e+00 3.398144595123707770e-05
1.850664129320226170e+00 3.868516413037035277e-05
1.854365457578866616e+00 3.769005434289180622e-05
1.858074188494024392e+00 3.556991155011900169e-05
1.861790336871012475e+00 3.725397644309891358e-05
1.865513917544754596e+00 3.813877960059879166e-05
1.869244945379844092e+00 4.695483378639228313e-05
1.872983435270603847e+00 3.558701869794368906e-05
1.876729402141145142e+00 4.189428228768536942e-05
1.880482860945427381e+00 3.941956797208727973e-05
1.884243826667318267e+00 4.240917922825020853e-05
1.888012314320652862e+00 4.861986585243023719e-05
1.891788338949294213e+00 4.276826038516456230e-05
1.895571915627192849e+00 5.718972943979656713e-05
1.899363059458447189e+00 5.272864080891550041e-05
1.903161785577364151e+00 4.352546420106425963e-05
1.906968109148518886e+00 4.032574239757911257e-05
1.910782045366815840e+00 4.906384772216490665e-05
1.914603609457549371e+00 5.644111440605912021e-05
1.918432816676464370e+00 5.435242207045438967e-05
1.922269682309817318e+00 5.922399153289630079e-05
1.926114221674436910e+00 4.632654019410224885e-05
1.929966450117785781e+00 4.609011856052150190e-05
1.933826383018021344e+00 3.689576826128049156e-05
1.937694035784057300e+00 4.893611883596281939e-05
1.941569423855625365e+00 4.256160844794147955e-05
1.945452562703336552e+00 5.583115445769158577e-05
1.949343467828743126e+00 4.738168877692924916e-05
1.953242154764400551e+00 3.957064202137901515e-05
1.957148639073929441e+00 5.359595192498139049e-05
1.961062936352077291e+00 4.535201168417377906e-05
1.964985062224781531e+00 5.072637748390622272e-05
1.968915032349231042e+00 4.603669810665425561e-05
1.972852862413929431e+00 5.499852501092028121e-05
1.976798568138757206e+00 5.134377756814720539e-05
1.980752165275034615e+00 5.544012196197246076e-05
1.984713669605584707e+00 5.665465481597315611e-05
1.988683096944795947e+00 4.953279968126933649e-05
1.992660463138685500e+00 5.635898985104816484e-05
1.996645784064962958e+00 5.849538573039905287e-05
2.000639075633092734e+00 5.459237044577721834e-05
2.004640353784358897e+00 5.630174943561717688e-05
2.008649634491927571e+00 5.168596939115206436e-05
2.012666933760911547e+00 5.509612707197034624e-05
2.016692267628433566e+00 5.373225761140710708e-05
2.020725652163690267e+00 5.602774399321589556e-05
2.024767103468017471e+00 5.698231915753628688e-05
2.028816637674953682e+00 5.760837479077986743e-05
2.032874270950303597e+00 5.808154093569179664e-05
2.036940019492204268e+00 6.082572442157548244e-05
2.041013899531188613e+00 5.815596168829480911e-05
2.045095927330251140e+00 5.897689966542565967e-05
2.049186119184911448e+00 6.086633148932032381e-05
2.053284491423281288e+00 6.309072030650383586e-05
2.057391060406128069e+00 6.434715166318327251e-05
2.061505842526940135e+00 6.750528533736012903e-05
2.065628854211993826e+00 6.613358362082302733e-05
2.069760111920417867e+00 6.973924645909665215e-05
2.073899632144258653e+00 6.907546495103630217e-05
2.078047431408547308e+00 7.042542591770630000e-05
2.082203526271364513e+00 7.035067857489081956e-05
2.086367933323907131e+00 7.274765359199771638e-05
2.090540669190554812e+00 7.271229710061131567e-05
2.094721750528935722e+00 7.336753440734169324e-05
2.098911194029993599e+00 7.585598539758088630e-05
2.103109016418053479e+00 7.557079859979970286e-05
2.107315234450889641e+00 7.769376946804189884e-05
2.111529864919791333e+00 7.593273552136784203e-05
2.115752924649630717e+00 7.997592029863449207e-05
2.119984430498929928e+00 8.352222687454502036e-05
2.124224399359927684e+00 8.485915740682026633e-05
2.128472848158647679e+00 8.203457355420501940e-05
2.132729793854965195e+00 8.489448763271748022e-05
2.136995253442675047e+00 8.548436660031665576e-05
2.141269243949560419e+00 8.537768093641554955e-05
2.145551782437459476e+00 9.072889974082122468e-05
2.149842886002334197e+00 8.965333059289326079e-05
2.154142571774338766e+00 9.200687792830743097e-05
2.158450856917887517e+00 9.413518678716572370e-05
2.162767758631723325e+00 9.539181553502480162e-05
2.167093294148986882e+00 1.007827511721376466e-04
2.171427480737284643e+00 9.806304848961495133e-05
2.175770335698758995e+00 9.967022640896560401e-05
2.180121876370156642e+00 9.940875841263651952e-05
2.184482120122896998e+00 1.020591955071126488e-04
2.188851084363142796e+00 1.091982949180233999e-04
2.193228786531868924e+00 1.015123520404478182e-04
2.197615244104932586e+00 1.038381909258081402e-04
2.202010474593142586e+00 1.050767066109645594e-04
2.206414495542329046e+00 1.133704534251439014e-04
2.210827324533413574e+00 1.090702925984227427e-04
2.215248979182480316e+00 1.096597055479277955e-04
2.219679477140845236e+00 1.048177742545741193e-04
2.224118836095126728e+00 1.119399214524441865e-04
2.228567073767317108e+00 1.149195237945168090e-04
2.233024207914851900e+00 1.109558827434909182e-04
2.237490256330681770e+00 1.161640447142131072e-04
2.241965236843343146e+00 1.121918006770157746e-04
2.246449167317029705e+00 1.131460410371330462e-04
2.250942065651663881e+00 1.218687777370220206e-04
2.255443949782967028e+00 1.222017532690598438e-04
2.259954837682533135e+00 1.215408958177365646e-04
2.264474747357898110e+00 1.103438504403158363e-04
2.269003696852613938e+00 1.181157828309937439e-04
2.273541704246319295e+00 1.239983802885476151e-04
2.278088787654811931e+00 1.201439800880691654e-04
2.282644965230121503e+00 1.296537927646358387e-04
2.287210255160581962e+00 1.198117950196903888e-04
2.291784675670903049e+00 1.071119933609400660e-04
2.296368245022244903e+00 1.280582763665289857e-04
2.300960981512289560e+00 1.197754428257819003e-04
2.305562903475314229e+00 1.138918113763846428e-04
2.310174029282265007e+00 1.253755548537928736e-04
2.314794377340829712e+00 1.019947054239004453e-04
2.319423966095511158e+00 1.317596370731499949e-04
2.324062814027702206e+00 1.218001702189629002e-04
2.328710939655757706e+00 1.284391839272107773e-04
2.333368361535069102e+00 1.353110436007572744e-04
2.338035098258139044e+00 1.359256932389525815e-04
2.342711168454655102e+00 1.373615458319355734e-04
2.347396590791564375e+00 1.276575640234351762e-04
2.352091383973147654e+00 1.102361483904360537e-04
2.356795566741094028e+00 1.139258479406350834e-04
2.361509157874576381e+00 1.233502130721415987e-04
2.366232176190325553e+00 1.196470760664738135e-04
2.370964640542706281e+00 1.213812965020692980e-04
2.375706569823791803e+00 1.243061988667847734e-04
2.380457982963439356e+00 1.266489366908949169e-04
2.385218898929366116e+00 1.310312728834649696e-04
2.389989336727224689e+00 1.386217827702514898e-04
2.394769315400679055e+00 1.158244310984311848e-04
2.399558854031480504e+00 1.220688107181989649e-04
2.404357971739543576e+00 1.067497280234619542e-04
2.409166687683022445e+00 1.074858220081628636e-04
2.413985021058388636e+00 1.177391612520762725e-04
2.418812991100505627e+00 1.192684774351911918e-04
2.423650617082706571e+00 1.074421473075776542e-04
2.428497918316872006e+00 1.110053299749553309e-04
2.433354914153505799e+00 1.131175296325560956e-04
2.438221623981812858e+00 1.221623818501737548e-04
2.443098067229776404e+00 1.109458066663230290e-04
2.447984263364236135e+00 1.014233442003522289e-04
2.452880231890964602e+00 9.679170139294349670e-05
2.457785992354746707e+00 1.293480228794484399e-04
2.462701564339456084e+00 1.167525996778466421e-04
2.467626967468135035e+00 8.956516317711212243e-05
2.472562221403071359e+00 1.054429397517273612e-04
2.477507345845877396e+00 9.352396125244120321e-05
2.482462360537569079e+00 8.743973401753014853e-05
2.487427285258644094e+00 1.127828620371356896e-04
2.492402139829161367e+00 1.220738172419245189e-04
2.497386944108819673e+00 8.182609964834113188e-05
2.502381717997037125e+00 1.091574345982908117e-04
2.507386481433031111e+00 9.832606520006582581e-05
2.512401254395897343e+00 8.434046777105558236e-05
2.517426056904689347e+00 9.515713454920578555e-05
2.522460909018498842e+00 9.195569806524620156e-05
2.527505830836535683e+00 9.444155659644067589e-05
2.532560842498208675e+00 8.867970400269588392e-05
2.537625964183205074e+00 9.563132224105508089e-05
2.542701216111571405e+00 7.604141560404140165e-05
2.547786618543794734e+00 8.741665417421534484e-05
2.552882191780882160e+00 7.419910366219181221e-05
2.557987956164443855e+00 1.140745947912119351e-04
2.563103932076772562e+00 7.660054800075042801e-05
2.568230139940926193e+00 9.148721534523597380e-05
2.573366600220808209e+00 7.347199870217231395e-05
2.578513333421249776e+00 1.052066405807783989e-04
2.583670360088092366e+00 8.314225657875956577e-05
2.588837700808268583e+00 1.008022556489711238e-04
2.594015376209885204e+00 1.227999097019435092e-04
2.599203406962304896e+00 1.125275661729637519e-04
2.604401813776229702e+00 1.047250175538662223e-04
2.609610617403782307e+00 9.090561117310584248e-05
2.614829838638589976e+00 1.179944509573377246e-04
2.620059498315867152e+00 1.003050389546046746e-04
2.625299617312498945e+00 1.257394766170174020e-04
2.630550216547123732e+00 9.382751447660409494e-05
2.635811316980217978e+00 1.228169196695677525e-04
2.641082939614178393e+00 1.084511678238276385e-04
2.646365105493406755e+00 1.089897313030528599e-04
2.651657835704393396e+00 1.105597506298111799e-04
2.656961151375802022e+00 9.632828216956145558e-05
2.662275073678553650e+00 9.047932767388863187e-05
2.667599623825910538e+00 8.608561419336482781e-05
2.672934823073562338e+00 8.450251360071107194e-05
2.678280692719709588e+00 8.957267328708805819e-05
2.683637254105148973e+00 8.607239987369803575e-05
2.689004528613359479e+00 8.941158458418444692e-05
2.694382537670586331e+00 8.414423515827551493e-05
2.699771302745927581e+00 9.527328828210828912e-05
2.705170845351419384e+00 8.733881420217482101e-05
2.710581187042122142e+00 8.955758424869050718e-05
2.716002349416206219e+00 9.059914506141968147e-05
2.721434354115038534e+00 9.081850069249069297e-05
2.726877222823268720e+00 1.001536657380431585e-04
2.732330977268915273e+00 9.765622097234192059e-05
2.737795639223453037e+00 9.674675353238965515e-05
2.743271230501899804e+00 9.910144137556777997e-05
2.748757772962903800e+00 1.001976195084846623e-04
2.754255288508829391e+00 9.472745795654905539e-05
2.759763799085847236e+00 1.044609947404058904e-04
2.765283326684019105e+00 1.020045519877233733e-04
2.770813893337387146e+00 8.900249538730492071e-05
2.776355521124061809e+00 1.038811711834163634e-04
2.781908232166309780e+00 1.004430742042417642e-04
2.787472048630642352e+00 9.394356382939592391e-05
2.793046992727903799e+00 1.036601251918992805e-04
2.798633086713359752e+00 1.042346342033599724e-04
2.804230352886786459e+00 9.431460413646041373e-05
2.809838813592560047e+00 1.085945952183480227e-04
2.815458491219745341e+00 1.047082434518467771e-04
2.821089408202184678e+00 9.596569005935726463e-05
2.826731587018588954e+00 1.083326466886175515e-04
2.832385050192625986e+00 1.088241545446204687e-04
2.838049820293011116e+00 9.760090319262451890e-05
2.843725919933597357e+00 1.114093742073003632e-04
2.849413371773464654e+00 1.053332665466668889e-04
2.855112198517011368e+00 9.878865797918185809e-05
2.860822422914045315e+00 1.175465617690388823e-04
2.866544067759873471e+00 1.155272991669674648e-04
2.872277155895393008e+00 1.073859626834930783e-04
2.878021710207183670e+00 1.154463294784908691e-04
2.883777753627597917e+00 1.246499428386300913e-04
2.889545309134853301e+00 1.088546601755937014e-04
2.895324399753123057e+00 1.290010759380260568e-04
2.901115048552629361e+00 1.223043106151456649e-04
2.906917278649734815e+00 1.270193208152296045e-04
2.912731113207034372e+00 1.375681729016974301e-04
2.918556575433448597e+00 1.285250076375404416e-04
2.924393688584315587e+00 1.352613921715858328e-04
2.930242475961484239e+00 1.314237599761116694e-04
2.936102960913407056e+00 1.486534104263507029e-04
2.941975166835233857e+00 1.303838781285999743e-04
2.947859117168904142e+00 1.325726165299839841e-04
2.953754835403242129e+00 1.434983685524516737e-04
2.959662345074048684e+00 1.451978785540758562e-04
2.965581669764196793e+00 1.540995225120462609e-04
2.971512833103725271e+00 1.458409515598524245e-04
2.977455858769932906e+00 1.604253000082807063e-04
2.983410770487472607e+00 1.418568577099679014e-04
2.989377592028447772e+00 1.305328392288284832e-04
2.995356347212504655e+00 1.674240526846534351e-04
3.001347059906929626e+00 1.623787544090065336e-04
3.007349754026743316e+00 1.471909785784534640e-04
3.013364453534796983e+00 1.752043544694736150e-04
3.019391182441866661e+00 1.745260476583440569e-04
3.025429964806750416e+00 1.587630875107939649e-04
3.031480824736363822e+00 1.501809534118025524e-04
3.037543786385836331e+00 1.877235707473739958e-04
3.043618873958608084e+00 1.629358901577812103e-04
3.049706111706525391e+00 1.511080735343248735e-04
3.055805523929938428e+00 1.836975625926071305e-04
3.061917134977798494e+00 1.652916518388275165e-04
3.068040969247753935e+00 1.941924388367992154e-04
3.074177051186249621e+00 1.901130807116386808e-04
3.080325405288621976e+00 1.857388326076832817e-04
3.086486056099199349e+00 1.928386845369762289e-04
3.092659028211397931e+00 1.768554948649658863e-04
3.098844346267820793e+00 1.997833687781028168e-04
3.105042034960356467e+00 1.918635676025850123e-04
3.111252119030277097e+00 1.785963676753090854e-04
3.117474623268337464e+00 1.923113283875086418e-04
3.123709572514874022e+00 1.919550602260663497e-04
3.129956991659903931e+00 1.907101720542912196e-04
3.136216905643223640e+00 1.943688154519961498e-04
3.142489339454510144e+00 2.062143671392389335e-04
3.148774318133419126e+00 1.829719197805314225e-04
3.155071866769685762e+00 2.010194308311857034e-04
3.161382010503225093e+00 2.047065720820245762e-04
3.167704774524231492e+00 2.035876240936427596e-04
3.174040184073279924e+00 2.128581886916455475e-04
3.180388264441426305e+00 2.145002924948335120e-04
3.186749040970309199e+00 2.089565987894658969e-04
3.193122539052249742e+00 2.080109054049003679e-04
3.199508784130354222e+00 1.998346760250211979e-04
3.205907801698614890e+00 2.145737131425486154e-04
3.212319617302012098e+00 2.024354140896681494e-04
3.218744256536616000e+00 2.033253325091549711e-04
3.225181745049689130e+00 2.131244381781689887e-04
3.231632108539788550e+00 2.146611410694375681e-04
3.238095372756867985e+00 2.211920470211727009e-04
3.244571563502381739e+00 2.229440065096741867e-04
3.251060706629386399e+00 2.271334167567606345e-04
3.257562828042645187e+00 2.157590464221007746e-04
3.264077953698730550e+00 2.270423812405010272e-04
3.270606109606128076e+00 2.333535496782661745e-04
3.277147321825340409e+00 2.249200012263291050e-04
3.283701616468991169e+00 2.439761510588819523e-04
3.290269019701929309e+00 2.338350115017016906e-04
3.296849557741333037e+00 2.439117545333558562e-04
3.303443256856815502e+00 2.341209838651778469e-04
3.310050143370529163e+00 2.458990353259127119e-04
3.316670243657270145e+00 2.353314016419608200e-04
3.323303584144584821e+00 2.627189539251739334e-04
3.329950191312874175e+00 2.535991467409876021e-04
3.336610091695499936e+00 2.406582127941083555e-04
3.343283311878890718e+00 2.406802669081939850e-04
3.349969878502648601e+00 2.598868767428680012e-04
3.356669818259653937e+00 2.405422640608736735e-04
3.363383157896173259e+00 2.493980317067069348e-04
3.370109924211965424e+00 2.545268614982617076e-04
3.376850144060389525e+00 2.467860869359184573e-04
3.383603844348510137e+00 2.509278559602752252e-04
3.390371052037207011e+00 2.609355161864673300e-04
3.397151794141281211e+00 2.710956009224128557e-04
3.403946097729563913e+00 2.528692542455580048e-04
3.410753989925022989e+00 2.690854512055498816e-04
3.417575497904873139e+00 2.547334837635076483e-04
3.424410648900682919e+00 2.585235600669965011e-04
3.431259470198484429e+00 2.737698077227152514e-04
3.438121989138881229e+00 2.669595613575310869e-04
3.444998233117158914e+00 2.526605569983745984e-04
3.451888229583393031e+00 2.690055575080821837e-04
3.458792006042559652e+00 2.563791530034072457e-04
3.465709590054644629e+00 2.610167408878942574e-04
3.472641009234753717e+00 3.036038321304524888e-04
3.479586291253223163e+00 2.808002171767444649e-04
3.486545463835729830e+00 2.661182606961391304e-04
3.493518554763401340e+00 2.674613389680490297e-04
3.500505591872927980e+00 2.681252205412724987e-04
3.507506603056673722e+00 2.864784664333000280e-04
3.514521616262787251e+00 2.954318597620920030e-04
3.521550659495312985e+00 3.050609653084356259e-04
3.528593760814303426e+00 2.749411266483041578e-04
3.535650948335931965e+00 3.074125654738664253e-04
3.542722250232603898e+00 2.793914052132529620e-04
3.549807694733069230e+00 3.106953728965552606e-04
3.556907310122535470e+00 3.048173197580625088e-04
3.564021124742780433e+00 3.040158169022738350e-04
3.571149166992265922e+00 2.959643360342665620e-04
3.578291465326250531e+00 2.983044688033809305e-04
3.585448048256902887e+00 3.187193862537864649e-04
3.592618944353416666e+00 3.092886593667873094e-04
3.599804182242123396e+00 3.203088412517889299e-04
3.607003790606607474e+00 3.348618923304247114e-04
3.614217798187820740e+00 3.079088651958722693e-04
3.621446233784196167e+00 3.267164119230826194e-04
3.628689126251764652e+00 3.470117415487680712e-04
3.635946504504268262e+00 3.174545028543970652e-04
3.643218397513276585e+00 3.472599622688843563e-04
3.650504834308303082e+00 3.300636567119672100e-04
3.657805843976919657e+00 3.357919015142340298e-04
3.665121455664873462e+00 3.309275145303317098e-04
3.672451698576203238e+00 3.297454229982418428e-04
3.679796601973355674e+00 3.412462250800173602e-04
3.687156195177302198e+00 3.520173125476472559e-04
3.694530507567656663e+00 3.246388460600771724e-04
3.701919568582792142e+00 3.558940465236625720e-04
3.709323407719957721e+00 3.538985431192651705e-04
3.716742054535397521e+00 3.490723151856770044e-04
3.724175538644468375e+00 3.675112170766650730e-04
3.731623889721757514e+00 3.498860456590593146e-04
3.739087137501201141e+00 3.576267599537669563e-04
3.746565311776203444e+00 3.701298492337445987e-04
3.754058442399756057e+00 3.665225480561388137e-04
3.761566559284555744e+00 3.590093318643482081e-04
3.769089692403124747e+00 3.697231970859724036e-04
3.776627871787931134e+00 3.840872470981795614e-04
3.784181127531506927e+00 3.753050745718785513e-04
3.791749489786569782e+00 3.658263766697052231e-04
3.799332988766142893e+00 3.739783170416746141e-04
3.806931654743675342e+00 3.699556597708413583e-04
3.814545518053162887e+00 3.802527826040648633e-04
3.822174609089269204e+00 3.743486906030742806e-04
3.829818958307447563e+00 3.609115840236984895e-04
3.837478596224062510e+00 3.859506569373246645e-04
3.845153553416510661e+00 3.928379983672655338e-04
3.852843860523343711e+00 3.871553835815196042e-04
3.860549548244390561e+00 3.978464966233032302e-04
3.868270647340879442e+00 3.855590060584217758e-04
3.876007188635561374e+00 3.975191547797836487e-04
3.883759203012832284e+00 3.990309518980675102e-04
3.891526721418857804e+00 3.809106996455716588e-04
3.899309774861695388e+00 3.984488897111655042e-04
3.907108394411418661e+00 3.935555198033904574e-04
3.914922611200241320e+00 3.986185325967888261e-04
3.922752456422641920e+00 4.014165557650427449e-04
3.930597961335487334e+00 3.912596450734177260e-04
3.938459157258158427e+00 4.077722740581039948e-04
3.946336075572674851e+00 4.038504746501208882e-04
3.954228747723820270e+00 4.109361891441712291e-04
3.962137205219268044e+00 4.098047334790488145e-04
3.970061479629706458e+00 3.904596306871620107e-04
3.978001602588965735e+00 3.677377653141456404e-04
3.985957605794143710e+00 4.241166757156074264e-04
3.993929521005731953e+00 4.069831891705657438e-04
4.001917380047743222e+00 3.662110927934956735e-04
4.009921214807838474e+00 4.073670131151600586e-04
4.017941057237454316e+00 4.055623872000886599e-04
4.025976939351929573e+00 3.617051107605177623e-04
4.034028893230633628e+00 3.883866237126190461e-04
4.042096951017095208e+00 3.948369308438724940e-04
4.050181144919129395e+00 3.876256175461767961e-04
4.058281507208967298e+00 3.608827738225219343e-04
4.066398070223384842e+00 3.826094134909287887e-04
4.074530866363831549e+00 3.772955926218743016e-04
4.082679928096559330e+00 3.604100238713845513e-04
4.090845287952752152e+00 3.696277923088838423e-04
4.099026978528657494e+00 3.800695994717625636e-04
4.107225032485715133e+00 3.707527705870118607e-04
4.115439482550686812e+00 3.771895280192318501e-04
4.123670361515788585e+00 3.520421572634332345e-04
4.131917702238820489e+00 3.491521072463016633e-04
4.140181537643297993e+00 3.588631604706575507e-04
4.148461900718584339e+00 3.811539931189658766e-04
4.156758824520021101e+00 3.435283711788689534e-04
4.165072342169061415e+00 3.582425098547107408e-04
4.173402486853399651e+00 2.312652054507545018e-04
4.181749291827106418e+00 2.235821369185791779e-04
4.190112790410760901e+00 2.221641668312931202e-04
4.198493015991582311e+00 2.209890944356785911e-04
4.206890002023565778e+00 2.249421374499208863e-04
4.215303782027612911e+00 2.222307471285657661e-04
4.223734389591667693e+00 2.224355942376038875e-04
4.232181858370850591e+00 2.233523541750648581e-04
4.240646222087592676e+00 2.240530982227433249e-04
4.249127514531767957e+00 2.252542760835946881e-04
4.257625769560831053e+00 2.257811355769601797e-04
4.266141021099953079e+00 2.275228094240787282e-04
4.274673303142153102e+00 2.274084050517752851e-04
4.283222649748437583e+00 2.293186477289375458e-04
4.291789095047934488e+00 2.297755621574022679e-04
4.300372673238030075e+00 2.398493187953306695e-04
4.308973418584506554e+00 2.401773153549858055e-04
4.317591365421675320e+00 2.387780881627331732e-04
4.326226548152519058e+00 2.421177560656531994e-04
4.334879001248824082e+00 2.361340811614703796e-04
4.343548759251321556e+00 2.347873896260642683e-04
4.352235856769824274e+00 2.526986079302243212e-04
4.360940328483364326e+00 2.477100295781920532e-04
4.369662209140330766e+00 2.451449578113377124e-04
4.378401533558611725e+00 2.519878203624433531e-04
4.387158336625728516e+00 2.413800914461231852e-04
4.395932653298979531e+00 2.528505028780122827e-04
4.404724518605577899e+00 2.520887477163316973e-04
4.413533967642789158e+00 2.531581908365788708e-04
4.422361035578075139e+00 2.606275374529003100e-04
4.431205757649231636e+00 2.469130069955927163e-04
4.440068169164530509e+00 2.658930613574233301e-04
4.448948305502859135e+00 2.786958434965124652e-04
4.457846202113865175e+00 2.679192830728531157e-04
4.466761894518092468e+00 2.856810949531506257e-04
4.475695418307128470e+00 2.656877241199933704e-04
4.484646809143742807e+00 2.765681491485606205e-04
4.493616102762030273e+00 2.679060742525871445e-04
4.502603334967554716e+00 2.578519327241514630e-04
4.511608541637490255e+00 2.732603078683540159e-04
4.520631758720765170e+00 2.745821982043398710e-04
4.529673022238206670e+00 2.730002182935744280e-04
4.538732368282683005e+00 2.959549398651044913e-04
4.547809833019248238e+00 2.846893740157226604e-04
4.556905452685287017e+00 3.061387274855529878e-04
4.566019263590657573e+00 2.946819297307746066e-04
4.575151302117839158e+00 2.920771987012912223e-04
4.584301604722075041e+00 3.079130678447252714e-04
4.593470207931519056e+00 3.101329394485627974e-04
4.602657148347382154e+00 3.126920387337609299e-04
4.611862462644077176e+00 3.082484538962193370e-04
4.621086187569365400e+00 3.231683721938607805e-04
4.630328359944503980e+00 3.415330976783267827e-04
4.639589016664393384e+00 3.344212149205433326e-04
4.648868194697722167e+00 3.467567180246445007e-04
4.658165931087117961e+00 3.431557016188938871e-04
4.667482262949292249e+00 3.516190321207883517e-04
4.676817227475190464e+00 3.430936834729184418e-04
4.686170861930141207e+00 3.450966992352546897e-04
4.695543203654001907e+00 3.589479587139167167e-04
4.704934290061309810e+00 3.609969134209774027e-04
4.714344158641432081e+00 3.861722203434810930e-04
4.723772846958715022e+00 3.759448843381797971e-04
4.733220392652632391e+00 4.034416065058363731e-04
4.742686833437937288e+00 3.735510823122179295e-04
4.752172207104813140e+00 3.806425830736377041e-04
4.761676551519022915e+00 3.712477393898513793e-04
4.771199904622061005e+00 3.950856911472847379e-04
4.780742304431305101e+00 4.069555730818312533e-04
4.790303789040168070e+00 3.765832541639944800e-04
4.799884396618248061e+00 4.047086821149256750e-04
4.809484165411484824e+00 3.962465845415287340e-04
4.819103133742308032e+00 4.310456197938947729e-04
4.828741340009792715e+00 4.125220605991896934e-04
4.838398822689812029e+00 3.937834691228948077e-04
4.848075620335191793e+00 4.217033222362065741e-04
4.857771771575862374e+00 4.130704612864240168e-04
4.867487315119014113e+00 4.119802518660772525e-04
4.877222289749251871e+00 4.185246347995346403e-04
4.886976734328750460e+00 4.472213580684207047e-04
4.896750687797408297e+00 3.794380342353556070e-04
4.906544189173002835e+00 4.187304572950411056e-04
4.916357277551348659e+00 4.319688232494865070e-04
4.926189992106451143e+00 4.246020282278521285e-04
4.936042372090663655e+00 4.289997504655812836e-04
4.945914456834844763e+00 4.395047906707795124e-04
4.955806285748514561e+00 3.959816062495759878e-04
4.965717898320011869e+00 3.981611706387603493e-04
4.975649334116652334e+00 4.554884006974853241e-04
4.985600632784885633e+00 4.459374402070414830e-04
4.995571834050455351e+00 4.055057657131248654e-04
5.005562977718556184e+00 4.518982284657097320e-04
5.015574103673992923e+00 4.043954792501905241e-04
5.025605251881341218e+00 4.049711391066110593e-04
5.035656462385103893e+00 4.513608207242552554e-04
5.045727775309874374e+00 3.933988218248481270e-04
5.055819230860493896e+00 4.460769001131134961e-04
5.065930869322214924e+00 4.986512328072668660e-04
5.076062731060859257e+00 4.378805361886823505e-04
5.086214856522980554e+00 4.141353781351640143e-04
5.096387286236026881e+00 4.484889722748563621e-04
5.106580060808498800e+00 4.175811554952014982e-04
5.116793220930115460e+00 4.152690638497261361e-04
5.127026807371975359e+00 3.818995683846146535e-04
5.137280860986718878e+00 4.503828633043819598e-04
5.147555422708692596e+00 3.836897867266024758e-04
5.157850533554110051e+00 4.501214251414002699e-04
5.168166234621218713e+00 4.373165772814835602e-04
5.178502567090460751e+00 4.548383257763089220e-04
5.188859572224641781e+00 4.851746760054510528e-04
5.199237291369090741e+00 4.270389192944969983e-04
5.209635765951828645e+00 4.567112122830567457e-04
5.220055037483732008e+00 3.999837952519227132e-04
5.230495147558699820e+00 5.072721610841683746e-04
5.240956137853816976e+00 4.128725001000753923e-04
5.251438050129524804e+00 4.296722509807234295e-04
5.261940926229783599e+00 4.722303636085937247e-04
5.272464808082243160e+00 4.712151476898747415e-04
5.283009737698407982e+00 4.485074726662984152e-04
5.293575757173805130e+00 4.125664654992425664e-04
5.304162908688152989e+00 4.073541994633427237e-04
5.314771234505529129e+00 4.826281840207416528e-04
5.325400776974539951e+00 4.826737735918812866e-04
5.336051578528489436e+00 4.472935995891921270e-04
5.346723681685546126e+00 4.124508940185175518e-04
5.357417129048917204e+00 4.499717285709194342e-04
5.368131963307015475e+00 4.362714244934302724e-04
5.378868227233629895e+00 4.003348847800536044e-04
5.389625963688096988e+00 4.556005551517289644e-04
5.400405215615473153e+00 4.456160964976062623e-04
5.411206026046704309e+00 4.329248896664137855e-04
5.422028438098797309e+00 3.825017467547855467e-04
5.432872494974994915e+00 4.648467372207356176e-04
5.443738239964944547e+00 4.298963676472260633e-04
5.454625716444874151e+00 3.851873929223194066e-04
5.465534967877763606e+00 4.086927103621074576e-04
5.476466037813518817e+00 4.552724681660448320e-04
5.487418969889145792e+00 4.324391212938329533e-04
5.498393807828923840e+00 4.341931698406683660e-04
5.509390595444581429e+00 4.409099335878515196e-04
5.520409376635470267e+00 4.259826898065423328e-04
5.531450195388741164e+00 4.208110909682959860e-04
5.542513095779519006e+00 4.919803823231408543e-04
5.553598121971077717e+00 3.909382644995438119e-04
5.564705318215019680e+00 4.011363129999131138e-04
5.575834728851449817e+00 4.215649029775873197e-04
5.586986398309152335e+00 4.370411707529238909e-04
5.598160371105771027e+00 4.928612871641621694e-04
5.609356691847982468e+00 4.705910105494532053e-04
5.620575405231678090e+00 4.149920539016237111e-04
5.631816556042141819e+00 4.306143348675460264e-04
5.643080189154225934e+00 4.739804645052083710e-04
5.654366349532534031e+00 3.897081978798451083e-04
5.665675082231598658e+00 4.140933554761963651e-04
5.677006432396061619e+00 4.110585396893791312e-04
5.688360445260853382e+00 4.411977141641223142e-04
5.699737166151375156e+00 4.748746433778517208e-04
5.711136640483678306e+00 4.306629433041069769e-04
5.722558913764645538e+00 4.262359013690708684e-04
5.734004031592174755e+00 4.443453713094454457e-04
5.745472039655359353e+00 4.578110851098474718e-04
5.756962983734670303e+00 5.264294246819938060e-04
5.768476909702139999e+00 4.139363676099491567e-04
5.780013863521544337e+00 4.149897898094324217e-04
5.791573891248587458e+00 4.760458438531039028e-04
5.803157039031084707e+00 4.417036093495860846e-04
5.814763353109146493e+00 4.618638411685441810e-04
5.826392879815364800e+00 4.365466133774719196e-04
5.838045665574995269e+00 4.818283507719134232e-04
5.849721756906145487e+00 4.463569459860422875e-04
5.861421200419957955e+00 4.566227934095816931e-04
5.873144042820797495e+00 4.405900079624783684e-04
5.884890330906438649e+00 4.547775738152453869e-04
5.896660111568251317e+00 4.186439301902224381e-04
5.908453431791388155e+00 4.816487997140033459e-04
5.920270338654971098e+00 4.364066917794509116e-04
5.932110879332281428e+00 4.610132258624601628e-04
5.943975101090946289e+00 4.758827625506862322e-04
5.955863051293127874e+00 5.175502116429763410e-04
5.967774777395714381e+00 4.334859048929182472e-04
5.979710326950505639e+00 4.723061875617707759e-04
5.991669747604406737e+00 4.643050321110395564e-04
6.003653087099615426e+00 4.996007977762991241e-04
6.015660393273814854e+00 4.941461952123571248e-04
6.027691714060362749e+00 5.002022499872261704e-04
6.039747097488483263e+00 4.781674625921976656e-04
6.051826591683460599e+00 4.548698863564596892e-04
6.063930244866827302e+00 5.234267942044634921e-04
6.076058105356560546e+00 4.449205224358193937e-04
6.088210221567273983e+00 5.037487699456701974e-04
6.100386642010408700e+00 5.213819732640210397e-04
6.112587415294429505e+00 4.418178506559197294e-04
6.124812590125018552e+00 5.517600273113175847e-04
6.137062215305268964e+00 5.631256715339881796e-04
6.149336339735879342e+00 4.793555720504170665e-04
6.161635012415350943e+00 5.193519202591854057e-04
6.173958282440181300e+00 4.801496471540877241e-04
6.186306199005061401e+00 4.767412041092042372e-04
6.198678811403071087e+00 5.012648824405991797e-04
6.211076169025877114e+00 5.377033353650417791e-04
6.223498321363928554e+00 5.493737676133787036e-04
6.235945318006656635e+00 5.065479627151827334e-04
6.248417208642670140e+00 5.319522158929707424e-04
6.260914043059955247e+00 5.247351436243662213e-04
6.273435871146075371e+00 5.569941553898126712e-04
6.285982742888367447e+00 5.656242622062684477e-04
6.298554708374144440e+00 5.573951238513013108e-04
6.311151817790892515e+00 5.641588776234409764e-04
6.323774121426474437e+00 5.684550783542248464e-04
6.336421669669327628e+00 5.419883613934918217e-04
6.349094513008666674e+00 5.617964924662078273e-04
6.361792702034684055e+00 5.782706666363553617e-04
6.374516287438753537e+00 5.253307656357418315e-04
6.387265320013630898e+00 5.233000157461332189e-04
6.400039850653658213e+00 5.636314259638767858e-04
6.412839930354965468e+00 4.504729178464286278e-04
6.425665610215675727e+00 5.515218691559579467e-04
6.438516941436106755e+00 4.982828242991454992e-04
6.451393975318978846e+00 4.447595722780111954e-04
6.464296763269616442e+00 5.592979386970622956e-04
6.477225356796155964e+00 4.815668109396568464e-04
6.490179807509748322e+00 5.161711771301431828e-04
6.503160167124767632e+00 4.915684370557082006e-04
6.516166487459017276e+00 4.847268931418591297e-04
6.529198820433935069e+00 4.821734235506945371e-04
6.542257218074802871e+00 4.897271502107341731e-04
6.555341732510952646e+00 4.731636992333572737e-04
6.568452415975974290e+00 4.760952673095469488e-04
6.581589320807926136e+00 4.728725189553822429e-04
6.594752499449541894e+00 4.535966075677845067e-04
6.607942004448441153e+00 5.413715137290512876e-04
6.621157888457338103e+00 4.470062698427004939e-04
6.634400204234252918e+00 4.516537391199813042e-04
6.647669004642721369e+00 5.219025182053529553e-04
6.660964342652007097e+00 4.824179697010234848e-04
6.674286271337311227e+00 4.966688238114326135e-04
6.687634843879985524e+00 4.688315472326872358e-04
6.701010113567745563e+00 4.953788824029693640e-04
6.714412133794881221e+00 4.734077370415212555e-04
6.727840958062470733e+00 4.850440181955396521e-04
6.741296639978595628e+00 5.219527127649960111e-04
6.754779233258553006e+00 5.053298299832507468e-04
6.768288791725070475e+00 4.843488390014601087e-04
6.781825369308520202e+00 4.838282104401532622e-04
6.795389020047137407e+00 4.868867020460206150e-04
6.808979798087231750e+00 4.986396537985107128e-04
6.822597757683405817e+00 5.116286672179400519e-04
6.836242953198772732e+00 4.847237684195088506e-04
6.849915439105170201e+00 5.031022163643609525e-04
6.863615269983380784e+00 4.644239603391047831e-04
6.877342500523347724e+00 5.117820453082478358e-04
6.891097185524394320e+00 5.379344866727508220e-04
6.904879379895443314e+00 4.988001588710056335e-04
6.918689138655234494e+00 4.965977136739464261e-04
6.932526516932544958e+00 5.431280481322377056e-04
6.946391569966410273e+00 5.229206621099912519e-04
6.960284353106342969e+00 4.744741085166366600e-04
6.974204921812555469e+00 5.433864673550178361e-04
6.988153331656180356e+00 5.505342592000927971e-04
7.002129638319492422e+00 5.216287365823142402e-04
7.016133897596131597e+00 5.398434073181927664e-04
7.030166165391324107e+00 5.354136943596011665e-04
7.044226497722107183e+00 4.934259420527571183e-04
7.058314950717551106e+00 5.172592821463973395e-04
7.072431580618986580e+00 5.363457820975013743e-04
7.086576443780224110e+00 5.370603195697930569e-04
7.100749596667784935e+00 5.255409023987271536e-04
7.114951095861120400e+00 5.241404786177839481e-04
7.129180998052842888e+00 5.613886548923361199e-04
7.143439360048948750e+00 5.283643096852704002e-04
7.157726238769046567e+00 5.597293740799164780e-04
7.172041691246584527e+00 5.122208775032323748e-04
7.186385774629077794e+00 5.487971644005740571e-04
7.200758546178335884e+00 5.181955241403261338e-04
7.215160063270692703e+00 5.947998170065992235e-04
7.229590383397233921e+00 5.349220879545912681e-04
7.244049564164028787e+00 5.354033414672825604e-04
7.258537663292356612e+00 5.130445158616970440e-04
7.273054738618941251e+00 5.351988309874961209e-04
7.287600848096179362e+00 5.422232430279876969e-04
7.302176049792371337e+00 5.415328438355510813e-04
7.316780401891955776e+00 6.020515297543309373e-04
7.331413962695739528e+00 5.383937587766745962e-04
7.346076790621131281e+00 5.057477769678032139e-04
7.360768944202373376e+00 5.348373411104876502e-04
7.375490482090778066e+00 5.470953782220094224e-04
7.390241463054959326e+00 5.511491731882598669e-04
7.405021945981069109e+00 5.808937438455918619e-04
7.419831989873030942e+00 5.797645328900882583e-04
7.434671653852777062e+00 5.461103356897054582e-04
7.449540997160482902e+00 6.042308645266468653e-04
7.464440079154804231e+00 5.185096253948217639e-04
7.479368959313113407e+00 5.158560802426693636e-04
7.494327697231739194e+00 5.812581876895321804e-04
7.509316352626203006e+00 6.007681204368294598e-04
7.524334985331455172e+00 6.017668460102842867e-04
7.539383655302118292e+00 5.548470207352196619e-04
7.554462422612722605e+00 5.621543913656238669e-04
7.569571347457948463e+00 5.306190471216132212e-04
7.584710490152864359e+00 5.473057948269535950e-04
7.599879911133170296e+00 5.368598146118032420e-04
7.615079670955436697e+00 5.294528553985687353e-04
7.630309830297347773e+00 5.907672308200559571e-04
7.645570449957942216e+00 5.814165537601256092e-04
7.660861590857858339e+00 5.655252041123002942e-04
7.676183314039573879e+00 6.123848117921777473e-04
7.691535680667652919e+00 6.249839598166656704e-04
7.706918752028988351e+00 5.455095723642408665e-04
7.722332589533046132e+00 6.141547583292031450e-04
7.737777254712112196e+00 5.497334204670859025e-04
7.753252809221536701e+00 6.088378216126461755e-04
7.768759314839980057e+00 5.732623714143680665e-04
7.784296833469659838e+00 6.011423251749430010e-04
7.799865427136599472e+00 6.124650448912350147e-04
7.815465157990872491e+00 5.879273520489930634e-04
7.831096088306853886e+00 5.898166827312432362e-04
7.846758280483467907e+00 6.637466152880491322e-04
7.862451797044434976e+00 6.024540370561261684e-04
7.878176700638523933e+00 5.816829535909778066e-04
7.893933054039800723e+00 5.517857423553111781e-04
7.909720920147880641e+00 5.810489322523955304e-04
7.925540361988176130e+00 5.986778328511349959e-04
7.941391442712152582e+00 6.152477263258320254e-04
7.957274225597577022e+00 5.606176459632065522e-04
7.973188774048772132e+00 6.234124247248228577e-04
7.989135151596869377e+00 6.179898295381367444e-04
8.005113421900063031e+00 5.865139868301089349e-04
8.021123648743863299e+00 5.925644766582766109e-04
8.037165896041351232e+00 5.948845740385878822e-04
8.053240227833434517e+00 5.911615990306317257e-04
8.069346708289101500e+00 6.033538649539727525e-04
8.085485401705680530e+00 6.397240040203820526e-04
8.101656372509092208e+00 6.064975410081928928e-04
8.117859685254110502e+00 6.058260776451355025e-04
8.134095404624618553e+00 6.490661330185869314e-04
8.150363595433868014e+00 6.055953599178229806e-04
8.166664322624736627e+00 6.099231772484558839e-04
8.182997651269985795e+00 6.310760284678228801e-04
8.199363646572525255e+00 6.101863008453384165e-04
8.215762373865670654e+00 6.307253836481495476e-04
8.232193898613401117e+00 6.234016840898720874e-04
8.248658286410627483e+00 6.358167445155636600e-04
8.265155602983448091e+00 6.067321459143236104e-04
8.281685914189415243e+00 6.249494206290222504e-04
8.298249286017794546e+00 6.706937030556530668e-04
8.314845784589829591e+00 6.334959810128784402e-04
8.331475476159008409e+00 6.226453304026917639e-04
8.348138427111326365e+00 6.436166045672545065e-04
8.364834703965549068e+00 6.329743960977398005e-04
8.381564373373480592e+00 6.363106173028603698e-04
8.398327502120228161e+00 6.624699038709350781e-04
8.415124157124468596e+00 6.959811390700917358e-04
8.431954405438718325e+00 6.572551582571074325e-04
8.448818314249596284e+00 6.327379110496145166e-04
8.465715950878095697e+00 6.764940732998310806e-04
8.482647382779852308e+00 6.295644920839781576e-04
8.499612677545412609e+00 6.392293088484860128e-04
8.516611902900503850e+00 6.418788646416113703e-04
8.533645126706304040e+00 6.930385748044685500e-04
8.550712416959717288e+00 6.613889543635358484e-04
8.567813841793636698e+00 6.648036576107110547e-04
8.584949469477223261e+00 6.837217191282369752e-04
8.602119368416177636e+00 6.914630793594853629e-04
8.619323607153010158e+00 6.661134087822666869e-04
8.636562254367316172e+00 6.863324169202027897e-04
8.653835378876051365e+00 6.722384580387519163e-04
8.671143049633803557e+00 6.820560617512566723e-04
8.688485335733071580e+00 6.689677405622131362e-04
8.705862306404537065e+00 6.933916840903692203e-04
8.723274031017346886e+00 6.802332445712335222e-04
8.740720579079381380e+00 7.050391091905252976e-04
8.758202020237540353e+00 6.677915184833798637e-04
8.775718424278014851e+00 7.160635606588023347e-04
8.793269861126571385e+00 6.774523323463076379e-04
8.810856400848823711e+00 6.928817327506566013e-04
8.828478113650520598e+00 7.022040547005674272e-04
8.846135069877821167e+00 6.978216931681872903e-04
8.863827340017577328e+00 6.882658441156851983e-04
8.881554994697612671e+00 7.183056368100677056e-04
8.899318104687008457e+00 7.185053825135747762e-04
8.917116740896382510e+00 7.122815017562338308e-04
8.934950974378175204e+00 7.026186984137411341e-04
8.952820876326931909e+00 7.023471276421945327e-04
8.970726518079585432e+00 6.848324241429455022e-04
8.988667971115743782e+00 6.922811670198412027e-04
9.006645307057974392e+00 7.066732696252929057e-04
9.024658597672090110e+00 6.689758530104282811e-04
9.042707914867433416e+00 6.961078616984283859e-04
9.060793330697167747e+00 6.800754892539503244e-04
9.078914917358561709e+00 6.942258924043877202e-04
9.097072747193278630e+00 6.826792061339444955e-04
9.115266892687664324e+00 6.865822566734992210e-04
9.133497426473040193e+00 6.891698305487840457e-04
9.151764421325985666e+00 6.849860037211865033e-04
9.170067950168638404e+00 6.818024008891125035e-04
9.188408086068974967e+00 6.954013836021991643e-04
9.206784902241112789e+00 6.915697953440438309e-04
9.225198472045594400e+00 6.915962022077359580e-04
9.243648868989685852e+00 6.919095564188734249e-04
9.262136166727664488e+00 6.974115385593429497e-04
9.280660439061119149e+00 6.976242407674108784e-04
9.299221759939241494e+00 7.066638515655216096e-04
9.317820203459119099e+00 7.095489882461559735e-04
9.336455843866037441e+00 7.107500562252382342e-04
9.355128755553769437e+00 7.260272501154668235e-04
9.373839013064877435e+00 7.134751042793771071e-04
9.392586691091008078e+00 7.077549726487458335e-04
9.411371864473190740e+00 7.133039439702576305e-04
9.430194608202137729e+00 7.002162890939305764e-04
9.449054997418542712e+00 7.002122839343344557e-04
9.467953107413379144e+00 7.181260698220856423e-04
9.486889013628205802e+00 7.110642736890008999e-04
9.505862791655461663e+00 7.071630627799109546e-04
9.524874517238773208e+00 7.247831555597743745e-04
9.543924266273251078e+00 7.339378643489749251e-04
9.563012114805797381e+00 7.258455723160034271e-04
9.582138139035409452e+00 7.250660946405455224e-04
9.601302415313480054e+00 7.188950307891385939e-04
9.620505020144106467e+00 7.216031434534790449e-04
9.639746030184394243e+00 7.267228135534267329e-04
9.659025522244762740e+00 7.238680499897084605e-04
9.678343573289252433e+00 7.304377667031368643e-04
9.697700260435830444e+00 7.296247506310674005e-04
9.717095660956701408e+00 7.350665340609234544e-04
9.736529852278614783e+00 7.358883825329681641e-04
9.756002911983172154e+00 7.226778811644456830e-04
9.775514917807138104e+00 7.365738768692498689e-04
9.795065947642752846e+00 7.441995136664075533e-04
9.814656079538037758e+00 7.207683209364071104e-04
9.834285391697113354e+00 7.341930308084824563e-04
9.853953962480508366e+00 7.293112651055303668e-04
9.873661870405468832e+00 7.328297811416274558e-04
9.893409194146279617e+00 6.920156483820220439e-04
9.913196012534571722e+00 7.368359349710720558e-04
9.933022404559640250e+00 7.530813181729219914e-04
9.952888449368758828e+00 7.401523572162081082e-04
9.972794226267495787e+00 7.356064531233195503e-04
9.992739814720030367e+00 7.498753310238480884e-04
1.001272529434947067e+01 7.443955159290924347e-04
