0.5	1.37E-09
0.51	1.87E-09
0.52	2.58E-09
0.53	3.43E-09
0.54	4.56E-09
0.55	5.83E-09
0.56	7.78E-09
0.57	9.57E-09
0.58	1.20E-08
0.59	1.56E-08
0.6	1.92E-08
0.61	2.44E-08
0.62	3.02E-08
0.63	3.78E-08
0.64	4.56E-08
0.65	5.73E-08
0.66	6.60E-08
0.67	7.86E-08
0.68	9.39E-08
0.69	1.11E-07
0.7	1.32E-07
0.71	1.54E-07
0.72	1.83E-07
0.73	2.11E-07
0.74	2.46E-07
0.75	2.84E-07
0.76	3.23E-07
0.77	3.73E-07
0.78	4.27E-07
0.79	4.84E-07
0.8	5.56E-07
0.81	6.21E-07
0.82	7.06E-07
0.83	7.81E-07
0.84	8.74E-07
0.85	1.04E-06
0.86	1.12E-06
0.87	1.23E-06
0.88	1.34E-06
0.89	1.46E-06
0.9	1.63E-06
0.91	1.79E-06
0.92	1.92E-06
0.93	2.09E-06
0.94	2.29E-06
0.95	2.54E-06
0.96	2.75E-06
0.97	2.88E-06
0.98	3.12E-06
0.99	3.37E-06
1	3.74E-06
1.01	4.03E-06
1.02	4.19E-06
1.03	4.46E-06
1.04	4.79E-06
1.05	5.08E-06
1.06	5.42E-06
1.07	5.96E-06
1.08	6.29E-06
1.09	6.70E-06
1.1	7.06E-06
1.11	7.40E-06
1.12	7.91E-06
1.13	8.35E-06
1.14	8.84E-06
1.15	9.24E-06
1.16	9.88E-06
1.17	1.04E-05
1.18	1.09E-05
1.19	1.16E-05
1.2	1.21E-05
1.21	1.26E-05
1.22	1.33E-05
1.23	1.38E-05
1.24	1.46E-05
1.25	1.51E-05
1.26	1.58E-05
1.27	1.65E-05
1.28	1.75E-05
1.29	1.82E-05
1.3	1.87E-05
1.31	1.97E-05
1.32	2.05E-05
1.33	2.11E-05
1.34	2.20E-05
1.35	2.28E-05
1.36	2.36E-05
1.37	2.48E-05
1.38	2.55E-05
1.39	2.64E-05
1.4	2.75E-05
1.41	2.79E-05
1.42	2.89E-05
1.43	3.05E-05
1.44	3.21E-05
1.45	3.28E-05
1.46	3.36E-05
1.47	3.44E-05
1.48	3.52E-05
1.49	3.64E-05
1.5	3.80E-05
1.51	3.99E-05
1.52	3.97E-05
1.53	4.23E-05
1.54	4.28E-05
1.55	4.33E-05
1.56	4.49E-05
1.57	4.77E-05
1.58	4.79E-05
1.59	4.96E-05
1.6	4.90E-05
1.61	5.28E-05
1.62	5.32E-05
1.63	5.34E-05
1.64	5.77E-05
1.65	5.69E-05
1.66	5.82E-05
1.67	5.97E-05
1.68	6.38E-05
1.69	6.35E-05
1.7	6.48E-05
1.71	6.60E-05
1.72	6.78E-05
1.73	7.08E-05
1.74	7.42E-05
1.75	7.40E-05
1.76	7.56E-05
1.77	7.76E-05
1.78	7.93E-05
1.79	8.10E-05
1.8	8.29E-05
1.81	8.66E-05
1.82	9.03E-05
1.83	8.92E-05
1.84	9.18E-05
1.85	9.36E-05
1.86	9.56E-05
1.87	1.03E-04
1.88	1.06E-04
1.89	1.06E-04
1.9	1.05E-04
1.91	1.06E-04
1.92	1.12E-04
1.93	1.11E-04
1.94	1.21E-04
1.95	1.26E-04
1.96	1.19E-04
1.97	1.19E-04
1.98	1.23E-04
1.99	1.25E-04
2	1.27E-04
2.01	1.30E-04
2.02	1.32E-04
2.03	1.38E-04
2.04	1.38E-04
2.05	1.39E-04
2.06	1.42E-04
2.07	1.47E-04
2.08	1.47E-04
2.09	1.51E-04
2.1	1.52E-04
2.11	1.56E-04
2.12	1.61E-04
2.13	1.61E-04
2.14	1.62E-04
2.15	1.66E-04
2.16	1.73E-04
2.17	1.79E-04
2.18	1.74E-04
2.19	1.77E-04
2.2	1.80E-04
2.21	1.82E-04
2.22	1.84E-04
2.23	1.87E-04
2.24	1.90E-04
2.25	1.93E-04
2.26	1.96E-04
2.27	1.99E-04
2.28	2.03E-04
2.29	2.04E-04
2.3	2.07E-04
2.31	2.11E-04
2.32	2.14E-04
2.33	2.17E-04
2.34	2.20E-04
2.35	2.22E-04
2.36	2.25E-04
2.37	2.30E-04
2.38	2.33E-04
2.39	2.36E-04
2.4	2.38E-04
2.41	2.41E-04
2.42	2.45E-04
2.43	2.50E-04
2.44	2.51E-04
2.45	2.55E-04
2.46	2.57E-04
2.47	2.65E-04
2.48	2.65E-04
2.49	2.67E-04
2.5	2.71E-04
2.51	2.74E-04
2.52	2.76E-04
2.53	2.79E-04
2.54	2.84E-04
2.55	2.90E-04
2.56	2.93E-04
2.57	2.96E-04
2.58	2.97E-04
2.59	2.99E-04
2.6	3.02E-04
2.61	3.07E-04
2.62	3.19E-04
2.63	3.22E-04
2.64	3.34E-04
2.65	3.22E-04
2.66	3.30E-04
2.67	3.31E-04
2.68	3.31E-04
2.69	3.31E-04
2.7	3.33E-04
2.71	3.36E-04
2.72	3.41E-04
2.73	3.43E-04
2.74	3.48E-04
2.75	3.52E-04
2.76	3.59E-04
2.77	3.59E-04
2.78	3.60E-04
2.79	3.63E-04
2.8	3.66E-04
2.81	3.69E-04
2.82	3.73E-04
2.83	3.77E-04
2.84	3.81E-04
2.85	3.83E-04
2.86	3.88E-04
2.87	3.98E-04
2.88	3.98E-04
2.89	3.97E-04
2.9	4.00E-04
2.91	4.04E-04
2.92	4.06E-04
2.93	4.10E-04
2.94	4.13E-04
2.95	4.16E-04
2.96	4.20E-04
2.97	4.24E-04
2.98	4.27E-04
2.99	4.31E-04
3	4.37E-04
3.01	4.38E-04
3.02	4.44E-04
3.03	4.45E-04
3.04	4.65E-04
3.05	4.53E-04
3.06	4.55E-04
3.07	4.58E-04
3.08	4.60E-04
3.09	4.63E-04
3.1	4.68E-04
3.11	4.77E-04
3.12	4.80E-04
3.13	4.78E-04
3.14	4.83E-04
3.15	4.83E-04
3.16	4.87E-04
3.17	4.99E-04
3.18	4.94E-04
3.19	4.95E-04
3.2	4.99E-04
3.21	5.06E-04
3.22	5.09E-04
3.23	5.10E-04
3.24	5.14E-04
3.25	5.17E-04
3.26	5.21E-04
3.27	5.25E-04
3.28	5.31E-04
3.29	5.40E-04
3.3	5.48E-04
3.31	5.37E-04
3.32	5.79E-04
3.33	5.36E-04
3.34	5.43E-04
3.35	5.47E-04
3.36	5.53E-04
3.37	5.67E-04
3.38	5.64E-04
3.39	5.67E-04
3.4	5.71E-04
3.41	5.77E-04
3.42	5.80E-04
3.43	5.80E-04
3.44	5.85E-04
3.45	5.86E-04
3.46	5.90E-04
3.47	5.94E-04
3.48	5.97E-04
3.49	6.01E-04
3.5	6.04E-04
3.51	6.10E-04
3.52	6.13E-04
3.53	6.15E-04
3.54	6.22E-04
3.55	6.23E-04
3.56	6.36E-04
3.57	6.32E-04
3.58	6.42E-04
3.59	6.40E-04
3.6	6.43E-04
3.61	6.47E-04
3.62	6.51E-04
3.63	6.56E-04
3.64	6.58E-04
3.65	6.64E-04
3.66	6.69E-04
3.67	6.72E-04
3.68	6.75E-04
3.69	6.80E-04
3.7	6.84E-04
3.71	6.85E-04
3.72	6.92E-04
3.73	6.99E-04
3.74	7.36E-04
3.75	7.07E-04
3.76	7.06E-04
3.77	7.07E-04
3.78	7.11E-04
3.79	7.16E-04
3.8	7.21E-04
3.81	7.22E-04
3.82	7.32E-04
3.83	7.31E-04
3.84	7.35E-04
3.85	7.37E-04
3.86	7.41E-04
3.87	7.44E-04
3.88	7.52E-04
3.89	7.55E-04
3.9	7.56E-04
3.91	7.60E-04
3.92	7.65E-04
3.93	7.66E-04
3.94	7.69E-04
3.95	7.79E-04
3.96	7.78E-04
3.97	7.79E-04
3.98	7.86E-04
3.99	7.88E-04
4	7.95E-04
4.01	7.97E-04
4.02	8.02E-04
4.03	8.01E-04
4.04	8.05E-04
4.05	8.22E-04
4.06	8.20E-04
4.07	8.37E-04
4.08	8.22E-04
4.09	8.21E-04
4.1	8.26E-04
4.11	8.31E-04
4.12	8.32E-04
4.13	8.33E-04
4.14	8.40E-04
4.15	8.44E-04
4.16	8.45E-04
4.17	8.52E-04
4.18	8.53E-04
4.19	8.55E-04
4.2	8.57E-04
4.21	8.60E-04
4.22	8.56E-04
4.23	8.60E-04
4.24	8.60E-04
4.25	8.63E-04
4.26	8.64E-04
4.27	8.64E-04
4.28	8.67E-04
4.29	8.76E-04
4.3	8.88E-04
4.31	8.85E-04
4.32	8.86E-04
4.33	8.80E-04
4.34	8.90E-04
4.35	9.03E-04
4.36	9.06E-04
4.37	9.17E-04
4.38	9.07E-04
4.39	9.17E-04
4.4	9.19E-04
4.41	9.34E-04
4.42	9.26E-04
4.43	9.54E-04
4.44	9.57E-04
4.45	9.58E-04
4.46	9.33E-04
4.47	9.39E-04
4.48	9.70E-04
4.49	9.88E-04
4.5	9.76E-04
4.51	9.54E-04
4.52	9.70E-04
4.53	9.73E-04
4.54	9.77E-04
4.55	9.87E-04
4.56	9.68E-04
4.57	9.83E-04
4.58	1.02E-03
4.59	1.03E-03
4.6	1.00E-03
4.61	1.02E-03
4.62	1.03E-03
4.63	1.03E-03
4.64	1.02E-03
4.65	1.04E-03
4.66	1.06E-03
4.67	1.02E-03
4.68	1.04E-03
4.69	1.04E-03
4.7	1.03E-03
4.71	1.02E-03
4.72	1.04E-03
4.73	1.03E-03
4.74	1.05E-03
4.75	1.06E-03
4.76	1.04E-03
4.77	1.06E-03
4.78	1.06E-03
4.79	1.05E-03
4.8	1.08E-03
4.81	1.07E-03
4.82	1.06E-03
4.83	1.06E-03
4.84	1.07E-03
4.85	1.08E-03
4.86	1.09E-03
4.87	1.09E-03
4.88	1.08E-03
4.89	1.11E-03
4.9	1.11E-03
4.91	1.10E-03
4.92	1.12E-03
4.93	1.09E-03
4.94	1.10E-03
4.95	1.10E-03
4.96	1.13E-03
4.97	1.11E-03
4.98	1.11E-03
4.99	1.13E-03
5	1.13E-03
5.01	1.13E-03
5.02	1.12E-03
5.03	1.14E-03
5.04	1.14E-03
5.05	1.14E-03
5.06	1.15E-03
5.07	1.13E-03
5.08	1.15E-03
5.09	1.14E-03
5.1	1.16E-03
5.11	1.15E-03
5.12	1.17E-03
5.13	1.17E-03
5.14	1.16E-03
5.15	1.16E-03
5.16	1.18E-03
5.17	1.16E-03
5.18	1.19E-03
5.19	1.17E-03
5.2	1.16E-03
5.21	1.20E-03
5.22	1.17E-03
5.23	1.20E-03
5.24	1.21E-03
5.25	1.18E-03
5.26	1.18E-03
5.27	1.22E-03
5.28	1.22E-03
5.29	1.20E-03
5.3	1.21E-03
5.31	1.23E-03
5.32	1.20E-03
5.33	1.23E-03
5.34	1.22E-03
5.35	1.22E-03
5.36	1.21E-03
5.37	1.23E-03
5.38	1.22E-03
5.39	1.22E-03
5.4	1.22E-03
5.41	1.26E-03
5.42	1.21E-03
5.43	1.23E-03
5.44	1.25E-03
5.45	1.23E-03
5.46	1.26E-03
5.47	1.24E-03
5.48	1.24E-03
5.49	1.26E-03
5.5	1.27E-03
5.51	1.25E-03
5.52	1.26E-03
5.53	1.26E-03
5.54	1.27E-03
5.55	1.28E-03
5.56	1.28E-03
5.57	1.26E-03
5.58	1.28E-03
5.59	1.28E-03
5.6	1.30E-03
5.61	1.27E-03
5.62	1.27E-03
5.63	1.28E-03
5.64	1.29E-03
5.65	1.28E-03
5.66	1.28E-03
5.67	1.29E-03
5.68	1.29E-03
5.69	1.29E-03
5.7	1.30E-03
5.71	1.32E-03
5.72	1.31E-03
5.73	1.31E-03
5.74	1.31E-03
5.75	1.32E-03
5.76	1.32E-03
5.77	1.31E-03
5.78	1.31E-03
5.79	1.31E-03
5.8	1.32E-03
5.81	1.33E-03
5.82	1.32E-03
5.83	1.32E-03
5.84	1.33E-03
5.85	1.33E-03
5.86	1.34E-03
5.87	1.33E-03
5.88	1.34E-03
5.89	1.36E-03
5.9	1.36E-03
5.91	1.37E-03
5.92	1.36E-03
5.93	1.36E-03
5.94	1.36E-03
5.95	1.37E-03
5.96	1.37E-03
5.97	1.36E-03
5.98	1.37E-03
5.99	1.38E-03
6	1.38E-03
6.01	1.38E-03
6.02	1.38E-03
6.03	1.38E-03
6.04	1.38E-03
6.05	1.38E-03
6.06	1.39E-03
6.07	1.40E-03
6.08	1.40E-03
6.09	1.40E-03
6.1	1.42E-03
6.11	1.40E-03
6.12	1.41E-03
6.13	1.42E-03
6.14	1.41E-03
6.15	1.41E-03
6.16	1.42E-03
6.17	1.41E-03
6.18	1.42E-03
6.19	1.42E-03
6.2	1.42E-03
6.21	1.43E-03
6.22	1.44E-03
6.23	1.44E-03
6.24	1.43E-03
6.25	1.44E-03
6.26	1.44E-03
6.27	1.44E-03
6.28	1.45E-03
6.29	1.45E-03
6.3	1.45E-03
6.31	1.46E-03
6.32	1.46E-03
6.33	1.46E-03
6.34	1.46E-03
6.35	1.46E-03
6.36	1.47E-03
6.37	1.46E-03
6.38	1.46E-03
6.39	1.46E-03
6.4	1.47E-03
6.41	1.46E-03
6.42	1.46E-03
6.43	1.46E-03
6.44	1.47E-03
6.45	1.46E-03
6.46	1.47E-03
6.47	1.46E-03
6.48	1.46E-03
6.49	1.47E-03
6.5	1.47E-03
6.51	1.47E-03
6.52	1.48E-03
6.53	1.48E-03
6.54	1.48E-03
6.55	1.49E-03
6.56	1.49E-03
6.57	1.48E-03
6.58	1.49E-03
6.59	1.48E-03
6.6	1.48E-03
6.61	1.50E-03
6.62	1.48E-03
6.63	1.48E-03
6.64	1.49E-03
6.65	1.51E-03
6.66	1.50E-03
6.67	1.50E-03
6.68	1.51E-03
6.69	1.50E-03
6.7	1.53E-03
6.71	1.52E-03
6.72	1.52E-03
6.73	1.53E-03
6.74	1.53E-03
6.75	1.52E-03
6.76	1.53E-03
6.77	1.52E-03
6.78	1.53E-03
6.79	1.52E-03
6.8	1.53E-03
6.81	1.53E-03
6.82	1.53E-03
6.83	1.52E-03
6.84	1.53E-03
6.85	1.54E-03
6.86	1.53E-03
6.87	1.54E-03
6.88	1.54E-03
6.89	1.55E-03
6.9	1.55E-03
6.91	1.55E-03
6.92	1.55E-03
6.93	1.55E-03
6.94	1.55E-03
6.95	1.56E-03
6.96	1.55E-03
6.97	1.56E-03
6.98	1.56E-03
6.99	1.57E-03
7	1.56E-03
7.01	1.56E-03
7.02	1.55E-03
7.03	1.56E-03
7.04	1.56E-03
7.05	1.55E-03
7.06	1.56E-03
7.07	1.56E-03
7.08	1.56E-03
7.09	1.56E-03
7.1	1.57E-03
7.11	1.55E-03
7.12	1.57E-03
7.13	1.57E-03
7.14	1.57E-03
7.15	1.56E-03
7.16	1.59E-03
7.17	1.58E-03
7.18	1.58E-03
7.19	1.59E-03
7.2	1.57E-03
7.21	1.58E-03
7.22	1.58E-03
7.23	1.59E-03
7.24	1.58E-03
7.25	1.58E-03
7.26	1.58E-03
7.27	1.58E-03
7.28	1.58E-03
7.29	1.59E-03
7.3	1.58E-03
7.31	1.59E-03
7.32	1.59E-03
7.33	1.58E-03
7.34	1.58E-03
7.35	1.58E-03
7.36	1.58E-03
7.37	1.57E-03
7.38	1.58E-03
7.39	1.58E-03
7.4	1.59E-03
7.41	1.59E-03
7.42	1.58E-03
7.43	1.58E-03
7.44	1.60E-03
7.45	1.60E-03
7.46	1.63E-03
7.47	1.60E-03
7.48	1.61E-03
7.49	1.61E-03
7.5	1.64E-03
7.51	1.64E-03
7.52	1.63E-03
7.53	1.63E-03
7.54	1.64E-03
7.55	1.65E-03
7.56	1.66E-03
7.57	1.66E-03
7.58	1.65E-03
7.59	1.65E-03
7.6	1.65E-03
7.61	1.65E-03
7.62	1.67E-03
7.63	1.68E-03
7.64	1.69E-03
7.65	1.67E-03
7.66	1.63E-03
7.67	1.65E-03
7.68	1.64E-03
7.69	1.62E-03
7.7	1.62E-03
7.71	1.61E-03
7.72	1.61E-03
7.73	1.61E-03
7.74	1.60E-03
7.75	1.61E-03
7.76	1.62E-03
7.77	1.61E-03
7.78	1.62E-03
7.79	1.63E-03
7.8	1.63E-03
7.81	1.63E-03
7.82	1.65E-03
7.83	1.65E-03
7.84	1.67E-03
7.85	1.67E-03
7.86	1.66E-03
7.87	1.67E-03
7.88	1.67E-03
7.89	1.67E-03
7.9	1.67E-03
7.91	1.68E-03
7.92	1.68E-03
7.93	1.69E-03
7.94	1.70E-03
7.95	1.70E-03
7.96	1.70E-03
7.97	1.71E-03
7.98	1.70E-03
7.99	1.73E-03
8	1.75E-03
8.01	1.73E-03
8.02	1.73E-03
8.03	1.75E-03
8.04	1.74E-03
8.05	1.73E-03
8.06	1.74E-03
8.07	1.74E-03
8.08	1.74E-03
8.09	1.74E-03
8.1	1.74E-03
8.11	1.75E-03
8.12	1.75E-03
8.13	1.72E-03
8.14	1.75E-03
8.15	1.75E-03
8.16	1.74E-03
8.17	1.74E-03
8.18	1.75E-03
8.19	1.75E-03
8.2	1.76E-03