      20.0000    0.0787122
      19.9900    0.0787265
      19.9800    0.0786700
      19.9700    0.0784994
      19.9600    0.0782596
      19.9500    0.0811595
      19.9400    0.0813889
      19.9300    0.0811563
      19.9200    0.0795627
      19.9100    0.0796632
      19.9000    0.0798194
      19.8900    0.0804916
      19.8800    0.0806564
      19.8700    0.0804442
      19.8600    0.0787824
      19.8500    0.0795723
      19.8400    0.0800881
      19.8300    0.0806685
      19.8200    0.0808120
      19.8100    0.0805876
      19.8000    0.0792239
      19.7900    0.0788100
      19.7800    0.0780342
      19.7700    0.0788457
      19.7600    0.0790864
      19.7500    0.0790326
      19.7400    0.0792562
      19.7300    0.0796849
      19.7200    0.0797521
      19.7100    0.0793110
      19.7000    0.0802745
      19.6900    0.0806648
      19.6800    0.0806905
      19.6700    0.0803857
      19.6600    0.0795086
      19.6500    0.0795368
      19.6400    0.0795311
      19.6300    0.0794981
      19.6200    0.0792914
      19.6100    0.0785632
      19.6000    0.0808429
      19.5900    0.0811359
      19.5800    0.0809993
      19.5700    0.0803724
      19.5600    0.0788951
      19.5500    0.0774228
      19.5400    0.0774547
      19.5300    0.0777555
      19.5200    0.0775257
      19.5100    0.0775519
      19.5000    0.0784623
      19.4900    0.0795399
      19.4800    0.0801855
      19.4700    0.0802852
      19.4600    0.0800404
      19.4500    0.0801326
      19.4400    0.0804484
      19.4300    0.0808857
      19.4200    0.0811714
      19.4100    0.0810965
      19.4000    0.0805958
      19.3900    0.0782441
      19.3800    0.0786451
      19.3700    0.0789945
      19.3600    0.0792117
      19.3500    0.0793411
      19.3400    0.0794115
      19.3300    0.0791639
      19.3200    0.0788064
      19.3100    0.0787471
      19.3000    0.0798092
      19.2900    0.0802867
      19.2800    0.0803852
      19.2700    0.0803844
      19.2600    0.0805215
      19.2500    0.0806517
      19.2400    0.0805250
      19.2300    0.0798428
      19.2200    0.0802543
      19.2100    0.0804307
      19.2000    0.0801552
      19.1900    0.0785099
      19.1800    0.0788237
      19.1700    0.0788353
      19.1600    0.0782712
      19.1500    0.0794505
      19.1400    0.0799216
      19.1300    0.0797866
      19.1200    0.0787301
      19.1100    0.0786371
      19.1000    0.0789892
      19.0900    0.0790102
      19.0800    0.0789609
      19.0700    0.0784865
      19.0600    0.0776373
      19.0500    0.0776417
      19.0400    0.0775060
      19.0300    0.0771696
      19.0200    0.0803446
      19.0100    0.0805989
      19.0000    0.0805022
      18.9900    0.0803304
      18.9800    0.0801180
      18.9700    0.0797083
      18.9600    0.0792332
      18.9500    0.0789642
      18.9400    0.0793575
      18.9300    0.0792623
      18.9200    0.0788874
      18.9100    0.0787408
      18.9000    0.0788176
      18.8900    0.0794030
      18.8800    0.0794778
      18.8700    0.0788177
      18.8600    0.0771395
      18.8500    0.0775981
      18.8400    0.0780004
      18.8300    0.0782999
      18.8200    0.0789599
      18.8100    0.0791987
      18.8000    0.0792431
      18.7900    0.0795702
      18.7800    0.0798662
      18.7700    0.0803843
      18.7600    0.0805952
      18.7500    0.0803785
      18.7400    0.0797342
      18.7300    0.0804042
      18.7200    0.0804429
      18.7100    0.0799826
      18.7000    0.0788389
      18.6900    0.0787191
      18.6800    0.0788880
      18.6700    0.0789916
      18.6600    0.0788330
      18.6500    0.0797819
      18.6400    0.0802306
      18.6300    0.0804952
      18.6200    0.0806472
      18.6100    0.0805244
      18.6000    0.0803683
      18.5900    0.0805183
      18.5800    0.0804786
      18.5700    0.0799201
      18.5600    0.0799109
      18.5500    0.0803250
      18.5400    0.0811513
      18.5300    0.0812635
      18.5200    0.0809261
      18.5100    0.0804159
      18.5000    0.0796001
      18.4900    0.0795966
      18.4800    0.0798630
      18.4700    0.0794256
      18.4600    0.0782460
      18.4500    0.0780622
      18.4400    0.0801310
      18.4300    0.0804117
      18.4200    0.0800994
      18.4100    0.0784239
      18.4000    0.0789908
      18.3900    0.0800802
      18.3800    0.0803854
      18.3700    0.0801187
      18.3600    0.0775447
      18.3500    0.0775356
      18.3400    0.0775215
      18.3300    0.0775070
      18.3200    0.0792992
      18.3100    0.0795768
      18.3000    0.0792890
      18.2900    0.0794183
      18.2800    0.0797510
      18.2700    0.0795867
      18.2600    0.0791727
      18.2500    0.0789411
      18.2400    0.0786116
      18.2300    0.0780491
      18.2200    0.0787846
      18.2100    0.0790783
      18.2000    0.0787951
      18.1900    0.0807235
      18.1800    0.0810707
      18.1700    0.0811113
      18.1600    0.0810760
      18.1500    0.0807099
      18.1400    0.0790674
      18.1300    0.0778037
      18.1200    0.0784657
      18.1100    0.0787141
      18.1000    0.0782599
      18.0900    0.0798334
      18.0800    0.0802122
      18.0700    0.0798995
      18.0600    0.0788143
      18.0500    0.0785000
      18.0400    0.0804953
      18.0300    0.0807268
      18.0200    0.0804242
      18.0100    0.0775914
      18.0000    0.0767757
      17.9900    0.0766448
      17.9800    0.0780199
      17.9700    0.0790290
      17.9600    0.0796913
      17.9500    0.0800107
      17.9400    0.0808880
      17.9300    0.0809718
      17.9200    0.0805603
      17.9100    0.0798663
      17.9000    0.0777691
      17.8900    0.0774672
      17.8800    0.0773630
      17.8700    0.0775196
      17.8600    0.0772677
      17.8500    0.0804469
      17.8400    0.0808601
      17.8300    0.0807278
      17.8200    0.0789037
      17.8100    0.0796535
      17.8000    0.0795889
      17.7900    0.0780156
      17.7800    0.0777918
      17.7700    0.0779488
      17.7600    0.0780670
      17.7500    0.0779282
      17.7400    0.0786243
      17.7300    0.0794528
      17.7200    0.0798879
      17.7100    0.0801052
      17.7000    0.0800798
      17.6900    0.0803420
      17.6800    0.0805647
      17.6700    0.0802935
      17.6600    0.0783508
      17.6500    0.0786181
      17.6400    0.0794649
      17.6300    0.0798771
      17.6200    0.0801833
      17.6100    0.0800616
      17.6000    0.0793917
      17.5900    0.0788758
      17.5800    0.0794785
      17.5700    0.0798795
      17.5600    0.0793715
      17.5500    0.0790106
      17.5400    0.0795641
      17.5300    0.0792543
      17.5200    0.0793805
      17.5100    0.0798276
      17.5000    0.0795034
      17.4900    0.0783615
      17.4800    0.0782702
      17.4700    0.0782023
      17.4600    0.0788932
      17.4500    0.0795561
      17.4400    0.0792925
      17.4300    0.0767881
      17.4200    0.0771431
      17.4100    0.0806082
      17.4000    0.0808030
      17.3900    0.0805826
      17.3800    0.0807787
      17.3700    0.0809468
      17.3600    0.0807417
      17.3500    0.0804697
      17.3400    0.0800191
      17.3300    0.0806329
      17.3200    0.0806089
      17.3100    0.0803265
      17.3000    0.0798194
      17.2900    0.0775838
      17.2800    0.0780865
      17.2700    0.0784831
      17.2600    0.0784738
      17.2500    0.0797445
      17.2400    0.0804783
      17.2300    0.0804975
      17.2200    0.0803695
      17.2100    0.0800060
      17.2000    0.0799628
      17.1900    0.0800805
      17.1800    0.0794120
      17.1700    0.0776903
      17.1600    0.0784351
      17.1500    0.0791728
      17.1400    0.0790224
      17.1300    0.0805479
      17.1200    0.0809875
      17.1100    0.0808995
      17.1000    0.0806932
      17.0900    0.0803016
      17.0800    0.0798176
      17.0700    0.0771607
      17.0600    0.0769740
      17.0500    0.0794948
      17.0400    0.0794707
      17.0300    0.0774029
      17.0200    0.0773357
      17.0100    0.0798220
      17.0000    0.0803963
      16.9900    0.0808002
      16.9800    0.0806509
      16.9700    0.0781792
      16.9600    0.0780229
      16.9500    0.0782807
      16.9400    0.0798919
      16.9300    0.0803486
      16.9200    0.0799575
      16.9100    0.0798652
      16.9000    0.0802355
      16.8900    0.0800419
      16.8800    0.0797769
      16.8700    0.0793512
      16.8600    0.0784193
      16.8500    0.0792397
      16.8400    0.0795427
      16.8300    0.0795741
      16.8200    0.0790333
      16.8100    0.0778441
      16.8000    0.0780033
      16.7900    0.0779408
      16.7800    0.0781849
      16.7700    0.0787170
      16.7600    0.0792842
      16.7500    0.0788492
      16.7400    0.0797781
      16.7300    0.0801653
      16.7200    0.0795798
      16.7100    0.0783146
      16.7000    0.0784741
      16.6900    0.0784811
      16.6800    0.0784443
      16.6700    0.0803714
      16.6600    0.0806638
      16.6500    0.0805713
      16.6400    0.0803151
      16.6300    0.0798309
      16.6200    0.0803334
      16.6100    0.0805491
      16.6000    0.0805517
      16.5900    0.0803996
      16.5800    0.0797188
      16.5700    0.0785905
      16.5600    0.0790678
      16.5500    0.0794550
      16.5400    0.0788156
      16.5300    0.0782120
      16.5200    0.0790812
      16.5100    0.0796922
      16.5000    0.0793364
      16.4900    0.0803969
      16.4800    0.0805890
      16.4700    0.0799064
      16.4600    0.0786534
      16.4500    0.0800189
      16.4400    0.0803297
      16.4300    0.0796662
      16.4200    0.0782052
      16.4100    0.0805607
      16.4000    0.0808652
      16.3900    0.0803890
      16.3800    0.0786214
      16.3700    0.0784832
      16.3600    0.0785481
      16.3500    0.0780403
      16.3400    0.0781389
      16.3300    0.0803276
      16.3200    0.0806836
      16.3100    0.0802175
      16.3000    0.0777884
      16.2900    0.0781974
      16.2800    0.0794775
      16.2700    0.0804802
      16.2600    0.0803756
      16.2500    0.0799467
      16.2400    0.0796031
      16.2300    0.0798127
      16.2200    0.0795987
      16.2100    0.0791547
      16.2000    0.0788984
      16.1900    0.0780953
      16.1800    0.0792085
      16.1700    0.0794060
      16.1600    0.0793522
      16.1500    0.0786520
      16.1400    0.0797408
      16.1300    0.0799527
      16.1200    0.0803322
      16.1100    0.0806690
      16.1000    0.0802502
      16.0900    0.0784339
      16.0800    0.0785218
      16.0700    0.0785497
      16.0600    0.0794116
      16.0500    0.0792461
      16.0400    0.0789583
      16.0300    0.0783697
      16.0200    0.0783465
      16.0100    0.0806808
      16.0000    0.0806424
      15.9900    0.0803628
      15.9800    0.0803232
      15.9700    0.0802692
      15.9600    0.0799073
      15.9500    0.0785220
      15.9400    0.0783061
      15.9300    0.0785440
      15.9200    0.0783231
      15.9100    0.0787199
      15.9000    0.0787623
      15.8900    0.0783347
      15.8800    0.0782352
      15.8700    0.0797958
      15.8600    0.0796713
      15.8500    0.0788123
      15.8400    0.0786028
      15.8300    0.0784643
      15.8200    0.0781353
      15.8100    0.0800688
      15.8000    0.0802282
      15.7900    0.0797059
      15.7800    0.0800630
      15.7700    0.0796006
      15.7600    0.0797843
      15.7500    0.0800896
      15.7400    0.0801391
      15.7300    0.0801737
      15.7200    0.0796770
      15.7100    0.0779878
      15.7000    0.0782367
      15.6900    0.0785651
      15.6800    0.0782782
      15.6700    0.0790688
      15.6600    0.0789219
      15.6500    0.0796508
      15.6400    0.0799349
      15.6300    0.0791734
      15.6200    0.0788783
      15.6100    0.0791627
      15.6000    0.0790946
      15.5900    0.0790209
      15.5800    0.0796605
      15.5700    0.0801823
      15.5600    0.0805104
      15.5500    0.0802771
      15.5400    0.0775883
      15.5300    0.0795509
      15.5200    0.0800909
      15.5100    0.0790520
      15.5000    0.0786282
      15.4900    0.0789447
      15.4800    0.0790408
      15.4700    0.0789953
      15.4600    0.0788849
      15.4500    0.0789964
      15.4400    0.0786574
      15.4300    0.0788491
      15.4200    0.0796971
      15.4100    0.0798754
      15.4000    0.0777362
      15.3900    0.0781456
      15.3800    0.0798860
      15.3700    0.0795957
      15.3600    0.0786644
      15.3500    0.0790830
      15.3400    0.0797028
      15.3300    0.0801273
      15.3200    0.0793171
      15.3100    0.0782353
      15.3000    0.0783866
      15.2900    0.0783289
      15.2800    0.0780379
      15.2700    0.0779257
      15.2600    0.0785029
      15.2500    0.0788998
      15.2400    0.0784439
      15.2300    0.0787375
      15.2200    0.0785913
      15.2100    0.0775638
      15.2000    0.0779210
      15.1900    0.0792976
      15.1800    0.0806300
      15.1700    0.0802898
      15.1600    0.0793238
      15.1500    0.0794272
      15.1400    0.0795330
      15.1300    0.0787262
      15.1200    0.0785227
      15.1100    0.0785997
      15.1000    0.0791573
      15.0900    0.0789139
      15.0800    0.0783019
      15.0700    0.0773904
      15.0600    0.0795167
      15.0500    0.0799136
      15.0400    0.0795820
      15.0300    0.0774114
      15.0200    0.0781471
      15.0100    0.0793057
      15.0000    0.0802753
      14.9900    0.0801253
      14.9800    0.0789790
      14.9700    0.0790937
      14.9600    0.0785126
      14.9500    0.0791027
      14.9400    0.0776977
      14.9300    0.0788132
      14.9200    0.0798324
      14.9100    0.0793574
      14.9000    0.0804861
      14.8900    0.0806076
      14.8800    0.0804300
      14.8700    0.0791846
      14.8600    0.0796289
      14.8500    0.0780033
      14.8400    0.0785698
      14.8300    0.0786494
      14.8200    0.0789785
      14.8100    0.0786009
      14.8000    0.0785846
      14.7900    0.0787089
      14.7800    0.0785152
      14.7700    0.0778960
      14.7600    0.0777954
      14.7500    0.0781741
      14.7400    0.0782142
      14.7300    0.0791770
      14.7200    0.0791898
      14.7100    0.0791749
      14.7000    0.0785910
      14.6900    0.0803207
      14.6800    0.0800281
      14.6700    0.0785387
      14.6600    0.0792125
      14.6500    0.0792919
      14.6400    0.0793465
      14.6300    0.0793637
      14.6200    0.0776779
      14.6100    0.0786980
      14.6000    0.0794562
      14.5900    0.0795552
      14.5800    0.0778800
      14.5700    0.0779652
      14.5600    0.0786103
      14.5500    0.0793085
      14.5400    0.0798269
      14.5300    0.0800851
      14.5200    0.0798654
      14.5100    0.0791800
      14.5000    0.0790287
      14.4900    0.0795296
      14.4800    0.0795208
      14.4700    0.0793043
      14.4600    0.0793996
      14.4500    0.0791751
      14.4400    0.0780489
      14.4300    0.0788911
      14.4200    0.0795069
      14.4100    0.0794939
      14.4000    0.0800762
      14.3900    0.0780490
      14.3800    0.0782420
      14.3700    0.0777714
      14.3600    0.0789864
      14.3500    0.0792203
      14.3400    0.0798143
      14.3300    0.0802223
      14.3200    0.0795482
      14.3100    0.0791886
      14.3000    0.0785474
      14.2900    0.0776346
      14.2800    0.0772922
      14.2700    0.0779618
      14.2600    0.0778745
      14.2500    0.0796305
      14.2400    0.0801179
      14.2300    0.0797840
      14.2200    0.0784729
      14.2100    0.0800296
      14.2000    0.0799188
      14.1900    0.0790860
      14.1800    0.0799697
      14.1700    0.0799921
      14.1600    0.0794068
      14.1500    0.0785267
      14.1400    0.0793889
      14.1300    0.0792587
      14.1200    0.0797772
      14.1100    0.0795734
      14.1000    0.0780830
      14.0900    0.0791686
      14.0800    0.0790485
      14.0700    0.0783680
      14.0600    0.0781910
      14.0500    0.0780667
      14.0400    0.0785524
      14.0300    0.0794428
      14.0200    0.0795593
      14.0100    0.0793967
      14.0000    0.0794166
      13.9900    0.0798762
      13.9800    0.0794129
      13.9700    0.0788561
      13.9600    0.0799428
      13.9500    0.0792446
      13.9400    0.0784505
      13.9300    0.0784210
      13.9200    0.0786588
      13.9100    0.0787483
      13.9000    0.0793676
      13.8900    0.0792785
      13.8800    0.0778639
      13.8700    0.0787225
      13.8600    0.0797203
      13.8500    0.0792422
      13.8400    0.0794373
      13.8300    0.0793728
      13.8200    0.0785145
      13.8100    0.0781277
      13.8000    0.0780842
      13.7900    0.0780976
      13.7800    0.0789388
      13.7700    0.0796112
      13.7600    0.0794038
      13.7500    0.0783464
      13.7400    0.0781538
      13.7300    0.0792851
      13.7200    0.0796246
      13.7100    0.0802765
      13.7000    0.0802012
      13.6900    0.0805102
      13.6800    0.0797292
      13.6700    0.0793667
      13.6600    0.0796871
      13.6500    0.0798972
      13.6400    0.0788881
      13.6300    0.0789421
      13.6200    0.0786763
      13.6100    0.0800731
      13.6000    0.0798530
      13.5900    0.0780629
      13.5800    0.0786213
      13.5700    0.0788201
      13.5600    0.0784217
      13.5500    0.0801277
      13.5400    0.0790562
      13.5300    0.0789295
      13.5200    0.0776767
      13.5100    0.0796194
      13.5000    0.0796781
      13.4900    0.0784907
      13.4800    0.0801984
      13.4700    0.0799405
      13.4600    0.0789806
      13.4500    0.0796340
      13.4400    0.0782547
      13.4300    0.0792912
      13.4200    0.0797687
      13.4100    0.0782305
      13.4000    0.0784746
      13.3900    0.0782679
      13.3800    0.0780142
      13.3700    0.0785837
      13.3600    0.0785122
      13.3500    0.0780087
      13.3400    0.0778725
      13.3300    0.0789810
      13.3200    0.0783596
      13.3100    0.0782380
      13.3000    0.0779493
      13.2900    0.0794895
      13.2800    0.0788316
      13.2700    0.0783095
      13.2600    0.0787050
      13.2500    0.0791879
      13.2400    0.0793515
      13.2300    0.0800307
      13.2200    0.0794001
      13.2100    0.0779228
      13.2000    0.0776236
      13.1900    0.0779375
      13.1800    0.0784011
      13.1700    0.0777281
      13.1600    0.0793495
      13.1500    0.0792393
      13.1400    0.0790063
      13.1300    0.0800913
      13.1200    0.0785528
      13.1100    0.0778597
      13.1000    0.0785076
      13.0900    0.0780372
      13.0800    0.0782027
      13.0700    0.0778167
      13.0600    0.0778979
      13.0500    0.0781276
      13.0400    0.0792338
      13.0300    0.0792400
      13.0200    0.0796245
      13.0100    0.0777198
      13.0000    0.0773833
      12.9900    0.0794177
      12.9800    0.0790808
      12.9700    0.0781432
      12.9600    0.0790391
      12.9500    0.0787562
      12.9400    0.0785569
      12.9300    0.0780898
      12.9200    0.0793981
      12.9100    0.0785349
      12.9000    0.0787792
      12.8900    0.0790724
      12.8800    0.0779729
      12.8700    0.0792391
      12.8600    0.0781093
      12.8500    0.0791514
      12.8400    0.0782653
      12.8300    0.0783262
      12.8200    0.0785086
      12.8100    0.0790381
      12.8000    0.0779856
      12.7900    0.0777629
      12.7800    0.0784160
      12.7700    0.0782951
      12.7600    0.0783994
      12.7500    0.0789404
      12.7400    0.0787982
      12.7300    0.0799012
      12.7200    0.0783015
      12.7100    0.0780912
      12.7000    0.0784287
      12.6900    0.0787282
      12.6800    0.0790259
      12.6700    0.0779317
      12.6600    0.0791005
      12.6500    0.0784373
      12.6400    0.0784388
      12.6300    0.0793676
      12.6200    0.0786706
      12.6100    0.0771834
      12.6000    0.0791490
      12.5900    0.0795021
      12.5800    0.0778752
      12.5700    0.0782049
      12.5600    0.0788055
      12.5500    0.0792413
      12.5400    0.0791043
      12.5300    0.0785168
      12.5200    0.0796001
      12.5100    0.0796556
      12.5000    0.0781845
      12.4900    0.0778115
      12.4800    0.0783082
      12.4700    0.0773740
      12.4600    0.0776408
      12.4500    0.0796930
      12.4400    0.0796190
      12.4300    0.0786034
      12.4200    0.0782476
      12.4100    0.0795116
      12.4000    0.0798252
      12.3900    0.0784175
      12.3800    0.0799084
      12.3700    0.0800710
      12.3600    0.0775641
      12.3500    0.0781582
      12.3400    0.0779795
      12.3300    0.0774445
      12.3200    0.0787954
      12.3100    0.0781846
      12.3000    0.0773309
      12.2900    0.0778807
      12.2800    0.0788643
      12.2700    0.0791065
      12.2600    0.0779706
      12.2500    0.0790624
      12.2400    0.0789720
      12.2300    0.0773521
      12.2200    0.0773669
      12.2100    0.0777745
      12.2000    0.0779899
      12.1900    0.0775171
      12.1800    0.0775776
      12.1700    0.0770539
      12.1600    0.0779091
      12.1500    0.0785877
      12.1400    0.0782657
      12.1300    0.0776676
      12.1200    0.0781046
      12.1100    0.0789112
      12.1000    0.0788159
      12.0900    0.0792515
      12.0800    0.0798579
      12.0700    0.0781779
      12.0600    0.0777733
      12.0500    0.0778997
      12.0400    0.0783446
      12.0300    0.0784289
      12.0200    0.0777772
      12.0100    0.0780672
      12.0000    0.0780886
      11.9900    0.0780120
      11.9800    0.0778578
      11.9700    0.0784814
      11.9600    0.0781811
      11.9500    0.0783034
      11.9400    0.0782023
      11.9300    0.0781990
      11.9200    0.0769983
      11.9100    0.0786628
      11.9000    0.0786374
      11.8900    0.0783304
      11.8800    0.0776944
      11.8700    0.0780734
      11.8600    0.0783103
      11.8500    0.0783046
      11.8400    0.0780466
      11.8300    0.0792098
      11.8200    0.0794560
      11.8100    0.0776039
      11.8000    0.0784557
      11.7900    0.0779200
      11.7800    0.0776726
      11.7700    0.0793512
      11.7600    0.0785534
      11.7500    0.0791824
      11.7400    0.0785870
      11.7300    0.0793340
      11.7200    0.0786458
      11.7100    0.0781680
      11.7000    0.0794662
      11.6900    0.0771898
      11.6800    0.0768712
      11.6700    0.0773020
      11.6600    0.0778889
      11.6500    0.0792707
      11.6400    0.0791276
      11.6300    0.0797228
      11.6200    0.0795135
      11.6100    0.0772015
      11.6000    0.0774777
      11.5900    0.0778359
      11.5800    0.0772317
      11.5700    0.0785637
      11.5600    0.0784657
      11.5500    0.0801109
      11.5400    0.0784186
      11.5300    0.0784430
      11.5200    0.0785303
      11.5100    0.0776450
      11.5000    0.0775051
      11.4900    0.0775896
      11.4800    0.0779756
      11.4700    0.0779576
      11.4600    0.0778762
      11.4500    0.0778377
      11.4400    0.0772918
      11.4300    0.0781141
      11.4200    0.0765918
      11.4100    0.0778648
      11.4000    0.0779688
      11.3900    0.0766527
      11.3800    0.0778041
      11.3700    0.0780368
      11.3600    0.0775601
      11.3500    0.0768569
      11.3400    0.0771027
      11.3300    0.0781785
      11.3200    0.0789313
      11.3100    0.0780771
      11.3000    0.0780213
      11.2900    0.0782934
      11.2800    0.0773399
      11.2700    0.0787048
      11.2600    0.0783428
      11.2500    0.0783945
      11.2400    0.0776111
      11.2300    0.0783885
      11.2200    0.0783656
      11.2100    0.0780685
      11.2000    0.0781360
      11.1900    0.0778437
      11.1800    0.0784365
      11.1700    0.0781332
      11.1600    0.0784063
      11.1500    0.0774034
      11.1400    0.0787179
      11.1300    0.0771308
      11.1200    0.0786135
      11.1100    0.0781673
      11.1000    0.0777821
      11.0900    0.0775820
      11.0800    0.0789941
      11.0700    0.0771581
      11.0600    0.0775293
      11.0500    0.0792680
      11.0400    0.0780573
      11.0300    0.0798770
      11.0200    0.0782302
      11.0100    0.0785868
      11.0000    0.0784725
      10.9900    0.0787004
      10.9800    0.0799390
      10.9700    0.0796698
      10.9600    0.0788006
      10.9500    0.0784364
      10.9400    0.0786267
      10.9300    0.0787322
      10.9200    0.0786992
      10.9100    0.0785585
      10.9000    0.0782410
      10.8900    0.0785246
      10.8800    0.0793880
      10.8700    0.0789358
      10.8600    0.0785403
      10.8500    0.0789089
      10.8400    0.0783229
      10.8300    0.0788529
      10.8200    0.0787997
      10.8100    0.0785134
      10.8000    0.0786425
      10.7900    0.0787540
      10.7800    0.0789277
      10.7700    0.0790323
      10.7600    0.0788682
      10.7500    0.0788160
      10.7400    0.0790446
      10.7300    0.0789845
      10.7200    0.0787401
      10.7100    0.0786574
      10.7000    0.0785884
      10.6900    0.0786251
      10.6800    0.0785635
      10.6700    0.0789291
      10.6600    0.0786626
      10.6500    0.0787168
      10.6400    0.0782941
      10.6300    0.0785558
      10.6200    0.0784237
      10.6100    0.0783799
      10.6000    0.0785093
      10.5900    0.0785800
      10.5800    0.0788639
      10.5700    0.0789418
      10.5600    0.0785353
      10.5500    0.0782492
      10.5400    0.0787532
      10.5300    0.0786910
      10.5200    0.0789561
      10.5100    0.0786895
      10.5000    0.0788942
      10.4900    0.0789120
      10.4800    0.0786516
      10.4700    0.0786950
      10.4600    0.0793765
      10.4500    0.0788319
      10.4400    0.0791556
      10.4300    0.0790638
      10.4200    0.0793153
      10.4100    0.0796492
      10.4000    0.0789405
      10.3900    0.0791454
      10.3800    0.0794961
      10.3700    0.0790648
      10.3600    0.0791872
      10.3500    0.0789865
      10.3400    0.0791619
      10.3300    0.0788886
      10.3200    0.0780264
      10.3100    0.0772474
      10.3000    0.0776443
      10.2900    0.0781684
      10.2800    0.0771690
      10.2700    0.0784148
      10.2600    0.0764891
      10.2500    0.0774468
      10.2400    0.0766573
      10.2300    0.0774256
      10.2200    0.0773695
      10.2100    0.0769621
      10.2000    0.0779795
      10.1900    0.0775477
      10.1800    0.0773579
      10.1700    0.0781199
      10.1600    0.0782553
      10.1500    0.0767185
      10.1400    0.0768094
      10.1300    0.0773228
      10.1200    0.0771604
      10.1100    0.0788569
      10.1000    0.0778044
      10.0900    0.0785585
      10.0800    0.0776921
      10.0700    0.0781072
      10.0600    0.0773290
      10.0500    0.0777166
      10.0400    0.0781906
      10.0300    0.0762369
      10.0200    0.0770847
      10.0100    0.0786958
      10.0000    0.0767558
      9.99000    0.0766041
      9.98000    0.0772284
      9.97000    0.0767065
      9.96000    0.0781099
      9.95000    0.0784760
      9.94000    0.0773603
      9.93000    0.0776523
      9.92000    0.0779202
      9.91000    0.0783393
      9.90000    0.0784972
      9.89000    0.0791632
      9.88000    0.0776542
      9.87000    0.0780141
      9.86000    0.0786149
      9.85000    0.0771212
      9.84000    0.0776151
      9.83000    0.0785523
      9.82000    0.0780364
      9.81000    0.0780224
      9.80000    0.0763388
      9.79000    0.0765296
      9.78000    0.0776326
      9.77000    0.0770767
      9.76000    0.0774143
      9.75000    0.0769891
      9.74000    0.0779115
      9.73000    0.0774396
      9.72000    0.0774888
      9.71000    0.0776799
      9.70000    0.0779865
      9.69000    0.0783308
      9.68000    0.0778734
      9.67000    0.0785711
      9.66000    0.0786679
      9.65000    0.0773875
      9.64000    0.0772611
      9.63000    0.0783504
      9.62000    0.0791658
      9.61000    0.0776537
      9.60000    0.0781782
      9.59000    0.0786289
      9.58000    0.0773511
      9.57000    0.0771101
      9.56000    0.0783497
      9.55000    0.0777553
      9.54000    0.0770160
      9.53000    0.0776340
      9.52000    0.0780341
      9.51000    0.0778393
      9.50000    0.0781216
      9.49000    0.0782540
      9.48000    0.0783897
      9.47000    0.0775607
      9.46000    0.0773092
      9.45000    0.0780434
      9.44000    0.0791344
      9.43000    0.0778484
      9.42000    0.0771826
      9.41000    0.0777031
      9.40000    0.0793420
      9.39000    0.0779261
      9.38000    0.0788742
      9.37000    0.0774406
      9.36000    0.0781847
      9.35000    0.0771077
      9.34000    0.0779918
      9.33000    0.0776310
      9.32000    0.0783941
      9.31000    0.0786065
      9.30000    0.0783710
      9.29000    0.0785647
      9.28000    0.0778048
      9.27000    0.0783372
      9.26000    0.0775392
      9.25000    0.0778292
      9.24000    0.0773921
      9.23000    0.0777769
      9.22000    0.0791065
      9.21000    0.0784053
      9.20000    0.0779517
      9.19000    0.0774720
      9.18000    0.0784125
      9.17000    0.0786092
      9.16000    0.0780642
      9.15000    0.0784146
      9.14000    0.0784985
      9.13000    0.0783672
      9.12000    0.0783532
      9.11000    0.0777004
      9.10000    0.0775515
      9.09000    0.0782341
      9.08000    0.0779385
      9.07000    0.0786343
      9.06000    0.0789682
      9.05000    0.0777266
      9.04000    0.0775104
      9.03000    0.0788345
      9.02000    0.0780919
      9.01000    0.0777960
      9.00000    0.0778636
      8.99000    0.0780548
      8.98000    0.0786368
      8.97000    0.0787672
      8.96000    0.0786866
      8.95000    0.0788631
      8.94000    0.0785152
      8.93000    0.0777895
      8.92000    0.0785811
      8.91000    0.0791792
      8.90000    0.0780859
      8.89000    0.0781915
      8.88000    0.0785796
      8.87000    0.0781127
      8.86000    0.0789086
      8.85000    0.0782801
      8.84000    0.0790305
      8.83000    0.0782902
      8.82000    0.0794047
      8.81000    0.0783809
      8.80000    0.0792581
      8.79000    0.0787616
      8.78000    0.0780956
      8.77000    0.0788479
      8.76000    0.0791289
      8.75000    0.0786309
      8.74000    0.0783093
      8.73000    0.0788826
      8.72000    0.0785402
      8.71000    0.0785947
      8.70000    0.0780728
      8.69000    0.0781813
      8.68000    0.0792634
      8.67000    0.0783442
      8.66000    0.0787125
      8.65000    0.0786172
      8.64000    0.0788698
      8.63000    0.0793558
      8.62000    0.0787699
      8.61000    0.0784328
      8.60000    0.0783852
      8.59000    0.0791312
      8.58000    0.0786426
      8.57000    0.0788412
      8.56000    0.0787839
      8.55000    0.0786420
      8.54000    0.0786414
      8.53000    0.0785663
      8.52000    0.0798729
      8.51000    0.0789020
      8.50000    0.0792365
      8.49000    0.0789138
      8.48000    0.0788265
      8.47000    0.0784371
      8.46000    0.0787211
      8.45000    0.0790338
      8.44000    0.0791426
      8.43000    0.0793497
      8.42000    0.0786828
      8.41000    0.0786345
      8.40000    0.0787428
      8.39000    0.0789469
      8.38000    0.0794943
      8.37000    0.0792233
      8.36000    0.0790471
      8.35000    0.0793707
      8.34000    0.0790523
      8.33000    0.0791925
      8.32000    0.0796199
      8.31000    0.0788460
      8.30000    0.0787931
      8.29000    0.0789393
      8.28000    0.0795957
      8.27000    0.0789238
      8.26000    0.0788569
      8.25000    0.0796740
      8.24000    0.0791684
      8.23000    0.0791518
      8.22000    0.0790889
      8.21000    0.0794332
      8.20000    0.0796807
      8.19000    0.0790988
      8.18000    0.0790077
      8.17000    0.0794573
      8.16000    0.0793041
      8.15000    0.0793990
      8.14000    0.0798730
      8.13000    0.0794725
      8.12000    0.0797039
      8.11000    0.0795955
      8.10000    0.0791223
      8.09000    0.0790665
      8.08000    0.0793684
      8.07000    0.0798325
      8.06000    0.0793582
      8.05000    0.0798043
      8.04000    0.0797400
      8.03000    0.0796416
      8.02000    0.0796310
      8.01000    0.0800250
      8.00000    0.0792493
      7.99000    0.0790205
      7.98000    0.0791046
      7.97000    0.0791129
      7.96000    0.0799756
      7.95000    0.0790803
      7.94000    0.0789822
      7.93000    0.0790827
      7.92000    0.0790572
      7.91000    0.0797055
      7.90000    0.0794468
      7.89000    0.0801718
      7.88000    0.0794522
      7.87000    0.0794377
      7.86000    0.0803540
      7.85000    0.0791677
      7.84000    0.0792074
      7.83000    0.0792613
      7.82000    0.0792056
      7.81000    0.0799009
      7.80000    0.0793912
      7.79000    0.0794478
      7.78000    0.0798393
      7.77000    0.0793803
      7.76000    0.0802060
      7.75000    0.0800039
      7.74000    0.0800696
      7.73000    0.0798924
      7.72000    0.0797015
      7.71000    0.0802974
      7.70000    0.0798589
      7.69000    0.0796222
      7.68000    0.0797423
      7.67000    0.0798218
      7.66000    0.0804481
      7.65000    0.0798061
      7.64000    0.0798221
      7.63000    0.0796065
      7.62000    0.0803783
      7.61000    0.0794830
      7.60000    0.0800969
      7.59000    0.0803500
      7.58000    0.0802011
      7.57000    0.0805751
      7.56000    0.0789181
      7.55000    0.0794674
      7.54000    0.0798318
      7.53000    0.0799078
      7.52000    0.0794714
      7.51000    0.0795433
      7.50000    0.0795323
      7.49000    0.0791431
      7.48000    0.0801875
      7.47000    0.0807433
      7.46000    0.0806214
      7.45000    0.0795487
      7.44000    0.0802947
      7.43000    0.0801078
      7.42000    0.0794883
      7.41000    0.0793626
      7.40000    0.0794305
      7.39000    0.0797783
      7.38000    0.0800935
      7.37000    0.0796267
      7.36000    0.0802581
      7.35000    0.0793487
      7.34000    0.0799837
      7.33000    0.0793412
      7.32000    0.0795302
      7.31000    0.0793098
      7.30000    0.0795939
      7.29000    0.0795127
      7.28000    0.0800964
      7.27000    0.0800616
      7.26000    0.0795595
      7.25000    0.0799504
      7.24000    0.0793705
      7.23000    0.0795906
      7.22000    0.0796626
      7.21000    0.0799680
      7.20000    0.0792184
      7.19000    0.0799432
      7.18000    0.0789646
      7.17000    0.0804004
      7.16000    0.0790023
      7.15000    0.0789286
      7.14000    0.0800587
      7.13000    0.0791579
      7.12000    0.0796774
      7.11000    0.0799328
      7.10000    0.0800083
      7.09000    0.0798313
      7.08000    0.0798554
      7.07000    0.0798090
      7.06000    0.0804237
      7.05000    0.0796304
      7.04000    0.0791473
      7.03000    0.0792639
      7.02000    0.0805220
      7.01000    0.0801260
      7.00000    0.0803367
      6.99000    0.0790762
      6.98000    0.0787397
      6.97000    0.0793356
      6.96000    0.0807079
      6.95000    0.0802152
      6.94000    0.0794448
      6.93000    0.0791584
      6.92000    0.0798279
      6.91000    0.0786345
      6.90000    0.0790425
      6.89000    0.0783432
      6.88000    0.0791723
      6.87000    0.0804180
      6.86000    0.0793155
      6.85000    0.0801905
      6.84000    0.0799002
      6.83000    0.0801674
      6.82000    0.0799181
      6.81000    0.0794815
      6.80000    0.0794338
      6.79000    0.0792206
      6.78000    0.0792259
      6.77000    0.0796011
      6.76000    0.0787510
      6.75000    0.0802194
      6.74000    0.0783932
      6.73000    0.0791367
      6.72000    0.0795422
      6.71000    0.0804452
      6.70000    0.0784260
      6.69000    0.0801028
      6.68000    0.0782937
      6.67000    0.0804070
      6.66000    0.0791378
      6.65000    0.0784325
      6.64000    0.0806551
      6.63000    0.0806818
      6.62000    0.0806716
      6.61000    0.0805507
      6.60000    0.0805641
      6.59000    0.0805654
      6.58000    0.0792981
      6.57000    0.0794748
      6.56000    0.0795740
      6.55000    0.0798068
      6.54000    0.0798536
      6.53000    0.0796355
      6.52000    0.0803930
      6.51000    0.0790044
      6.50000    0.0792408
      6.49000    0.0800286
      6.48000    0.0802304
      6.47000    0.0797294
      6.46000    0.0792183
      6.45000    0.0796291
      6.44000    0.0790538
      6.43000    0.0791654
      6.42000    0.0804672
      6.41000    0.0794861
      6.40000    0.0782792
      6.39000    0.0795723
      6.38000    0.0792557
      6.37000    0.0788060
      6.36000    0.0779585
      6.35000    0.0781076
      6.34000    0.0792069
      6.33000    0.0779739
      6.32000    0.0785560
      6.31000    0.0780279
      6.30000    0.0783029
      6.29000    0.0790324
      6.28000    0.0793408
      6.27000    0.0794711
      6.26000    0.0787184
      6.25000    0.0780459
      6.24000    0.0801374
      6.23000    0.0779593
      6.22000    0.0789078
      6.21000    0.0781049
      6.20000    0.0794822
      6.19000    0.0781222
      6.18000    0.0785579
      6.17000    0.0784126
      6.16000    0.0799301
      6.15000    0.0793187
      6.14000    0.0783532
      6.13000    0.0783342
      6.12000    0.0786576
      6.11000    0.0786726
      6.10000    0.0783528
      6.09000    0.0783225
      6.08000    0.0791339
      6.07000    0.0789385
      6.06000    0.0798792
      6.05000    0.0801225
      6.04000    0.0782080
      6.03000    0.0787432
      6.02000    0.0787201
      6.01000    0.0785646
      6.00000    0.0778980
      5.99000    0.0801435
      5.98000    0.0783015
      5.97000    0.0803244
      5.96000    0.0778480
      5.95000    0.0798803
      5.94000    0.0804346
      5.93000    0.0783181
      5.92000    0.0792905
      5.91000    0.0787116
      5.90000    0.0786914
      5.89000    0.0787335
      5.88000    0.0804907
      5.87000    0.0792481
      5.86000    0.0802456
      5.85000    0.0794800
      5.84000    0.0792709
      5.83000    0.0801034
      5.82000    0.0799782
      5.81000    0.0783574
      5.80000    0.0795679
      5.79000    0.0785081
      5.78000    0.0804389
      5.77000    0.0805828
      5.76000    0.0780568
      5.75000    0.0799237
      5.74000    0.0794436
      5.73000    0.0788849
      5.72000    0.0801472
      5.71000    0.0808617
      5.70000    0.0786865
      5.69000    0.0799555
      5.68000    0.0791636
      5.67000    0.0778591
      5.66000    0.0781511
      5.65000    0.0789052
      5.64000    0.0798723
      5.63000    0.0792888
      5.62000    0.0792563
      5.61000    0.0790964
      5.60000    0.0787282
      5.59000    0.0792735
      5.58000    0.0786724
      5.57000    0.0800212
      5.56000    0.0793643
      5.55000    0.0804998
      5.54000    0.0787264
      5.53000    0.0793981
      5.52000    0.0784061
      5.51000    0.0797769
      5.50000    0.0777138
      5.49000    0.0791922
      5.48000    0.0794025
      5.47000    0.0784267
      5.46000    0.0799643
      5.45000    0.0779633
      5.44000    0.0786735
      5.43000    0.0789450
      5.42000    0.0795918
      5.41000    0.0793117
      5.40000    0.0779847
      5.39000    0.0794543
      5.38000    0.0801328
      5.37000    0.0794774
      5.36000    0.0773882
      5.35000    0.0794644
      5.34000    0.0786104
      5.33000    0.0784681
      5.32000    0.0802543
      5.31000    0.0782247
      5.30000    0.0772713
      5.29000    0.0780438
      5.28000    0.0803084
      5.27000    0.0797912
      5.26000    0.0774923
      5.25000    0.0778949
      5.24000    0.0802709
      5.23000    0.0775313
      5.22000    0.0799537
      5.21000    0.0786017
      5.20000    0.0801830
      5.19000    0.0775875
      5.18000    0.0779026
      5.17000    0.0787407
      5.16000    0.0789365
      5.15000    0.0797761
      5.14000    0.0795974
      5.13000    0.0797346
      5.12000    0.0781925
      5.11000    0.0793180
      5.10000    0.0778475
      5.09000    0.0774278
      5.08000    0.0792514
      5.07000    0.0787674
      5.06000    0.0793032
      5.05000    0.0778557
      5.04000    0.0789397
      5.03000    0.0796111
      5.02000    0.0803872
      5.01000    0.0778639
      5.00000    0.0780438
      4.99000    0.0790589
      4.98000    0.0792582
      4.97000    0.0791970
      4.96000    0.0790028
      4.95000    0.0791984
      4.94000    0.0779123
      4.93000    0.0783051
      4.92000    0.0796040
      4.91000    0.0790032
      4.90000    0.0788634
      4.89000    0.0779645
      4.88000    0.0777853
      4.87000    0.0782812
      4.86000    0.0787798
      4.85000    0.0782988
      4.84000    0.0798442
      4.83000    0.0781395
      4.82000    0.0788667
      4.81000    0.0792660
      4.80000    0.0786317
      4.79000    0.0797680
      4.78000    0.0785486
      4.77000    0.0781209
      4.76000    0.0784250
      4.75000    0.0787335
      4.74000    0.0780322
      4.73000    0.0785986
      4.72000    0.0782771
      4.71000    0.0788854
      4.70000    0.0796077
      4.69000    0.0785813
      4.68000    0.0790267
      4.67000    0.0781014
      4.66000    0.0792594
      4.65000    0.0787739
      4.64000    0.0787438
      4.63000    0.0792194
      4.62000    0.0784601
      4.61000    0.0800634
      4.60000    0.0783553
      4.59000    0.0788511
      4.58000    0.0798594
      4.57000    0.0787542
      4.56000    0.0794263
      4.55000    0.0786980
      4.54000    0.0791596
      4.53000    0.0786412
      4.52000    0.0797359
      4.51000    0.0783952
      4.50000    0.0792136
      4.49000    0.0791985
      4.48000    0.0784878
      4.47000    0.0783265
      4.46000    0.0788840
      4.45000    0.0795014
      4.44000    0.0798195
      4.43000    0.0795600
      4.42000    0.0785985
      4.41000    0.0782575
      4.40000    0.0782467
      4.39000    0.0790014
      4.38000    0.0779828
      4.37000    0.0778422
      4.36000    0.0781309
      4.35000    0.0778978
      4.34000    0.0784447
      4.33000    0.0779292
      4.32000    0.0783568
      4.31000    0.0778730
      4.30000    0.0776634
      4.29000    0.0778396
      4.28000    0.0783657
      4.27000    0.0776451
      4.26000    0.0779040
      4.25000    0.0779906
      4.24000    0.0779182
      4.23000    0.0780892
      4.22000    0.0781161
      4.21000    0.0776531
      4.20000    0.0777300
      4.19000    0.0773294
      4.18000    0.0769010
      4.17000    0.0770319
      4.16000    0.0766158
      4.15000    0.0772789
      4.14000    0.0769043
      4.13000    0.0778983
      4.12000    0.0769494
      4.11000    0.0770246
      4.10000    0.0764101
      4.09000    0.0767289
      4.08000    0.0764128
      4.07000    0.0764736
      4.06000    0.0768236
      4.05000    0.0768299
      4.04000    0.0767792
      4.03000    0.0767372
      4.02000    0.0765796
      4.01000    0.0766885
      4.00000    0.0768310
      3.99000    0.0768055
      3.98000    0.0768588
      3.97000    0.0768678
      3.96000    0.0768564
      3.95000    0.0768668
      3.94000    0.0768288
      3.93000    0.0768252
      3.92000    0.0769284
      3.91000    0.0769750
      3.90000    0.0770440
      3.89000    0.0770195
      3.88000    0.0769901
      3.87000    0.0770817
      3.86000    0.0770134
      3.85000    0.0772666
      3.84000    0.0771517
      3.83000    0.0772140
      3.82000    0.0769980
      3.81000    0.0771395
      3.80000    0.0771618
      3.79000    0.0772761
      3.78000    0.0774593
      3.77000    0.0773906
      3.76000    0.0774552
      3.75000    0.0772667
      3.74000    0.0775677
      3.73000    0.0774037
      3.72000    0.0776627
      3.71000    0.0774599
      3.70000    0.0777545
      3.69000    0.0776012
      3.68000    0.0779340
      3.67000    0.0777059
      3.66000    0.0779667
      3.65000    0.0778417
      3.64000    0.0782141
      3.63000    0.0781136
      3.62000    0.0781529
      3.61000    0.0782176
      3.60000    0.0781866
      3.59000    0.0783750
      3.58000    0.0784341
      3.57000    0.0786674
      3.56000    0.0789123
      3.55000    0.0787203
      3.54000    0.0787879
      3.53000    0.0790163
      3.52000    0.0792225
      3.51000    0.0790020
      3.50000    0.0790100
      3.49000    0.0791259
      3.48000    0.0794324
      3.47000    0.0793509
      3.46000    0.0793403
      3.45000    0.0791686
      3.44000    0.0792896
      3.43000    0.0795833
      3.42000    0.0794782
      3.41000    0.0791607
      3.40000    0.0791633
      3.39000    0.0791511
      3.38000    0.0793229
      3.37000    0.0793033
      3.36000    0.0792314
      3.35000    0.0792336
      3.34000    0.0795839
      3.33000    0.0800201
      3.32000    0.0802342
      3.31000    0.0793705
      3.30000    0.0789927
      3.29000    0.0787532
      3.28000    0.0790456
      3.27000    0.0791659
      3.26000    0.0794014
      3.25000    0.0793400
      3.24000    0.0795062
      3.23000    0.0794123
      3.22000    0.0794020
      3.21000    0.0794373
      3.20000    0.0797420
      3.19000    0.0796718
      3.18000    0.0794767
      3.17000    0.0796041
      3.16000    0.0797417
      3.15000    0.0795612
      3.14000    0.0793187
      3.13000    0.0791455
      3.12000    0.0793456
      3.11000    0.0792354
      3.10000    0.0788096
      3.09000    0.0791164
      3.08000    0.0790309
      3.07000    0.0785598
      3.06000    0.0790879
      3.05000    0.0791276
      3.04000    0.0779762
      3.03000    0.0783603
      3.02000    0.0797260
      3.01000    0.0781309
      3.00000    0.0796126
      2.99000    0.0784483
      2.98000    0.0801809
      2.97000    0.0793587
      2.96000    0.0787380
      2.95000    0.0783640
      2.94000    0.0793253
      2.93000    0.0796334
      2.92000    0.0791018
      2.91000    0.0795127
      2.90000    0.0791447
      2.89000    0.0784860
      2.88000    0.0795194
      2.87000    0.0795384
      2.86000    0.0784276
      2.85000    0.0797126
      2.84000    0.0792596
      2.83000    0.0775841
      2.82000    0.0795813
      2.81000    0.0796846
      2.80000    0.0790500
      2.79000    0.0784671
      2.78000    0.0792965
      2.77000    0.0803999
      2.76000    0.0793758
      2.75000    0.0797594
      2.74000    0.0808213
      2.73000    0.0781826
      2.72000    0.0791558
      2.71000    0.0792579
      2.70000    0.0782594
      2.69000    0.0774017
      2.68000    0.0788688
      2.67000    0.0803446
      2.66000    0.0779719
      2.65000    0.0778353
      2.64000    0.0797687
      2.63000    0.0797115
      2.62000    0.0784861
      2.61000    0.0804041
      2.60000    0.0785890
      2.59000    0.0800709
      2.58000    0.0778344
      2.57000    0.0788261
      2.56000    0.0787095
      2.55000    0.0785892
      2.54000    0.0777171
      2.53000    0.0780386
      2.52000    0.0794457
      2.51000    0.0787988
      2.50000    0.0774036
      2.49000    0.0791648
      2.48000    0.0776968
      2.47000    0.0783211
      2.46000    0.0791206
      2.45000    0.0780515
      2.44000    0.0789042
      2.43000    0.0777965
      2.42000    0.0780263
      2.41000    0.0779474
      2.40000    0.0779581
      2.39000    0.0780346
      2.38000    0.0781451
      2.37000    0.0784873
      2.36000    0.0779972
      2.35000    0.0781563
      2.34000    0.0783364
      2.33000    0.0782960
      2.32000    0.0783815
      2.31000    0.0783874
      2.30000    0.0779827
      2.29000    0.0781420
      2.28000    0.0783345
      2.27000    0.0780429
      2.26000    0.0779795
      2.25000    0.0780937
      2.24000    0.0779968
      2.23000    0.0779647
      2.22000    0.0778150
      2.21000    0.0777125
      2.20000    0.0779872
      2.19000    0.0774667
      2.18000    0.0770165
      2.17000    0.0769676
      2.16000    0.0766866
      2.15000    0.0767665
      2.14000    0.0765699
      2.13000    0.0769369
      2.12000    0.0762385
      2.11000    0.0764306
      2.10000    0.0758111
      2.09000    0.0765516
      2.08000    0.0757433
      2.07000    0.0769157
      2.06000    0.0762257
      2.05000    0.0765199
      2.04000    0.0773395
      2.03000    0.0772953
      2.02000    0.0775588
      2.01000    0.0770566
      2.00000    0.0787714
      1.99000    0.0784210
      1.98000    0.0772122
      1.97000    0.0781546
      1.96000    0.0773060
      1.95000    0.0789265
      1.94000    0.0792401
      1.93000    0.0769508
      1.92000    0.0789937
      1.91000    0.0779715
      1.90000    0.0756858
      1.89000    0.0773730
      1.88000    0.0767568
      1.87000    0.0785108
      1.86000    0.0787083
      1.85000    0.0787618
      1.84000    0.0800635
      1.83000    0.0793008
      1.82000    0.0774453
      1.81000    0.0781778
      1.80000    0.0789397
      1.79000    0.0766739
      1.78000    0.0764873
      1.77000    0.0775637
      1.76000    0.0763453
      1.75000    0.0773915
      1.74000    0.0767235
      1.73000    0.0767147
      1.72000    0.0769981
      1.71000    0.0765194
      1.70000    0.0767561
      1.69000    0.0768059
      1.68000    0.0766389
      1.67000    0.0770572
      1.66000    0.0764912
      1.65000    0.0769237
      1.64000    0.0768107
      1.63000    0.0771239
      1.62000    0.0767134
      1.61000    0.0764188
      1.60000    0.0760790
      1.59000    0.0757095
      1.58000    0.0753676
      1.57000    0.0756301
      1.56000    0.0755956
      1.55000    0.0756825
      1.54000    0.0762542
      1.53000    0.0770011
      1.52000    0.0770859
      1.51000    0.0760498
      1.50000    0.0763386
      1.49000    0.0785060
      1.48000    0.0776826
      1.47000    0.0770702
      1.46000    0.0772288
      1.45000    0.0778172
      1.44000    0.0785730
      1.43000    0.0779244
      1.42000    0.0789340
      1.41000    0.0768689
      1.40000    0.0784908
      1.39000    0.0787851
      1.38000    0.0774260
      1.37000    0.0789275
      1.36000    0.0782401
      1.35000    0.0790994
      1.34000    0.0787957
      1.33000    0.0768286
      1.32000    0.0764616
      1.31000    0.0760320
      1.30000    0.0750425
      1.29000    0.0753397
      1.28000    0.0765241
      1.27000    0.0743165
      1.26000    0.0743157
      1.25000    0.0752967
      1.24000    0.0747149
      1.23000    0.0747007
      1.22000    0.0749094
      1.21000    0.0758675
      1.20000    0.0752405
      1.19000    0.0760972
      1.18000    0.0763404
      1.17000    0.0762480
      1.16000    0.0762217
      1.15000    0.0776869
      1.14000    0.0771747
      1.13000    0.0765474
      1.12000    0.0766170
      1.11000    0.0763920
      1.10000    0.0767926
      1.09000    0.0758671
      1.08000    0.0734867
      1.07000    0.0745165
      1.06000    0.0736519
      1.05000    0.0731196
      1.04000    0.0732908
      1.03000    0.0737557
      1.02000    0.0743827
      1.01000    0.0748882
