5.000000000000000000e-01 3.348552950833245771e-03
5.010000000000000009e-01 3.350864319534680672e-03
5.020019999999999483e-01 3.415298006681053485e-03
5.030060039999999510e-01 3.431829718652785674e-03
5.040120160079999412e-01 3.421445041767844780e-03
5.050200400400159939e-01 3.386948839160531730e-03
5.060300801200959819e-01 3.365023451805259410e-03
5.070421402803362287e-01 3.420032643543515719e-03
5.080562245608969407e-01 3.430483730139999039e-03
5.090723370100187495e-01 3.369012087282553802e-03
5.100904816840388101e-01 3.400467914444758530e-03
5.111106626474068992e-01 3.401234432087494198e-03
5.121328839727017357e-01 3.383292261957230197e-03
5.131571497406471893e-01 3.413693016420431617e-03
5.141834640401284906e-01 3.392362804350063880e-03
5.152118309682087727e-01 3.361752020344416659e-03
5.162422546301451698e-01 3.355103843575534851e-03
5.172747391394054706e-01 3.334405553901141888e-03
5.183092886176843272e-01 3.374584913609879507e-03
5.193459071949196870e-01 3.349594303298202101e-03
5.203845990093095564e-01 3.329853274461936057e-03
5.214253682073282103e-01 3.340088421385902472e-03
5.224682189437428459e-01 3.362748424772818087e-03
5.235131553816303462e-01 3.347337387662002034e-03
5.245601816923936012e-01 3.337635855416007380e-03
5.256093020557783824e-01 3.348539908283238754e-03
5.266605206598898858e-01 3.334272937365383768e-03
5.277138417012097182e-01 3.337255794202064266e-03
5.287692693846121061e-01 3.334103932601139263e-03
5.298268079233813266e-01 3.341185627780589654e-03
5.308864615392281383e-01 3.341481392106997357e-03
5.319482344623065462e-01 3.347362937248419927e-03
5.330121309312311206e-01 3.343481812563409063e-03
5.340781551930935400e-01 3.338362180825526961e-03
5.351463115034796880e-01 3.352099999817049775e-03
5.362166041264866401e-01 3.330361477324328499e-03
5.372890373347396498e-01 3.340245416211732980e-03
5.383636154094091353e-01 3.358531561407579816e-03
5.394403426402279988e-01 3.362073849466327719e-03
5.405192233255085021e-01 3.374593236518732935e-03
5.416002617721594747e-01 3.410281324396712433e-03
5.426834622957037446e-01 3.355007426142430499e-03
5.437688292202951246e-01 3.372076342519405960e-03
5.448563668787357317e-01 3.372200740257540706e-03
5.459460796124931958e-01 3.351383064573665738e-03
5.470379717717182011e-01 3.366632644790266363e-03
5.481320477152615833e-01 3.335433557587562121e-03
5.492283118106920936e-01 3.375801256870741580e-03
5.503267684343134958e-01 3.379194037513436229e-03
5.514274219711821079e-01 3.342728696194365717e-03
5.525302768151244548e-01 3.374212618160064500e-03
5.536353373687546986e-01 3.377133352262483984e-03
5.547426080434921802e-01 3.364011874340794295e-03
5.558520932595791830e-01 3.359706737329254140e-03
5.569637974460983632e-01 3.344989014199426392e-03
5.580777250409905132e-01 3.342410979986657447e-03
5.591938804910725480e-01 3.330027619619120496e-03
5.603122682520547126e-01 3.357583035002058465e-03
5.614328927885587905e-01 3.346506780289722986e-03
5.625557585741358668e-01 3.338486265057734759e-03
5.636808700912840919e-01 3.346694856795282176e-03
5.648082318314666672e-01 3.320054881756117574e-03
5.659378482951296085e-01 3.365170314619751486e-03
5.670697239917198429e-01 3.354629786063780070e-03
5.682038634397033050e-01 3.419204140758210549e-03
5.693402711665827010e-01 3.367808423895949504e-03
5.704789517089158268e-01 3.383822020131110626e-03
5.716199096123336654e-01 3.358465678975145786e-03
5.727631494315583716e-01 3.375758557400018040e-03
5.739086757304214803e-01 3.424769419815349401e-03
5.750564930818823361e-01 3.357197985600735273e-03
5.762066060680460788e-01 3.368251254673397879e-03
5.773590192801821841e-01 3.374997211444460271e-03
5.785137373187425602e-01 3.359832306922994928e-03
5.796707647933800889e-01 3.385460598203605433e-03
5.808301063229668326e-01 3.393712024382375576e-03
5.819917665356127978e-01 3.404533921124240636e-03
5.831557500686840312e-01 3.416893078654346331e-03
5.843220615688213826e-01 3.405830606427511387e-03
5.854907056919590458e-01 3.359957453279228609e-03
5.866616871033429881e-01 3.417173826393091023e-03
5.878350104775497131e-01 3.427973858264515405e-03
5.890106804985048017e-01 3.453649943551401116e-03
5.901887018595017853e-01 3.464745942820384676e-03
5.913690792632207982e-01 3.439293079440036965e-03
5.925518174217472289e-01 3.468225396351420561e-03
5.937369210565907052e-01 3.427247276993828935e-03
5.949243948987038566e-01 3.428967804945013201e-03
5.961142436885012996e-01 3.448440504644667733e-03
5.973064721758782891e-01 3.454467079837219862e-03
5.985010851202300364e-01 3.435257743511861608e-03
5.996980872904704718e-01 3.409242398748924333e-03
6.008974834650514518e-01 3.438731033412040922e-03
6.020992784319815216e-01 3.450184817931632817e-03
6.033034769888454552e-01 3.438369922111980670e-03
6.045100839428231287e-01 3.450017014940665993e-03
6.057191041107087282e-01 3.446134971221796999e-03
6.069305423189301774e-01 3.379522390416094240e-03
6.081444034035680124e-01 3.401520518126664727e-03
6.093606922103751433e-01 3.424960427047117183e-03
6.105794135947958390e-01 3.375632211421006074e-03
6.118005724219853780e-01 3.396293699984072757e-03
6.130241735668293668e-01 3.373918677187637185e-03
6.142502219139630570e-01 3.357329187082869638e-03
6.154787223577909971e-01 3.378895811726967142e-03
6.167096798025065718e-01 3.380417363294001797e-03
6.179430991621115421e-01 3.352827599637959143e-03
6.191789853604358074e-01 3.349453886757421464e-03
6.204173433311567232e-01 3.357625977280727196e-03
6.216581780178190852e-01 3.362363099702055796e-03
6.229014943738546695e-01 3.361612900101321535e-03
6.241472973626023268e-01 3.360966635819085703e-03
6.253955919573275235e-01 3.381136373122219183e-03
6.266463831412422136e-01 3.410597174145387801e-03
6.278996759075247125e-01 3.413186720164898980e-03
6.291554752593397914e-01 3.367356256482213674e-03
6.304137862098584399e-01 3.358187487476104946e-03
6.316746137822781826e-01 3.401570701189736944e-03
6.329379630098427301e-01 3.368394436712172316e-03
6.342038389358624073e-01 3.387552627652566910e-03
6.354722466137341375e-01 3.370865985490383975e-03
6.367431911069616479e-01 3.367073365509086046e-03
6.380166774891755654e-01 3.408076083496438397e-03
6.392927108441539552e-01 3.402499648360306217e-03
6.405712962658423049e-01 3.388482093038249366e-03
6.418524388583739526e-01 3.413762710895958293e-03
6.431361437360907374e-01 3.401763682136622283e-03
6.444224160235628718e-01 3.424250490562963725e-03
6.457112608556100364e-01 3.458624503138370797e-03
6.470026833773212527e-01 3.447744914843609270e-03
6.482966887440758663e-01 3.411421590631722334e-03
6.495932821215639752e-01 3.439062476065588101e-03
6.508924686858070796e-01 3.396650095935691872e-03
6.521942536231787324e-01 3.409131303916778169e-03
6.534986421304250781e-01 3.409068552421748877e-03
6.548056394146859471e-01 3.376128535777107083e-03
6.561152506935152839e-01 3.404567267390073461e-03
6.574274811949023523e-01 3.431333456362734447e-03
6.587423361572921632e-01 3.428803910993663551e-03
6.600598208296067915e-01 3.421030124438750354e-03
6.613799404712660257e-01 3.437985765199625190e-03
6.627027003522085735e-01 3.390441379061938636e-03
6.640281057529130448e-01 3.429072042781902176e-03
6.653561619644188241e-01 3.416259118492369178e-03
6.666868742883476084e-01 3.399015899663195093e-03
6.680202480369242801e-01 3.383525393986564801e-03
6.693562885329981116e-01 3.424344442480934010e-03
6.706950011100640818e-01 3.366176730111538739e-03
6.720363911122841927e-01 3.378898805812907691e-03
6.733804638945087850e-01 3.375355903231142679e-03
6.747272248222978552e-01 3.364062814440479162e-03
6.760766792719424823e-01 3.370899615096840767e-03
6.774288326304863661e-01 3.380192140363899936e-03
6.787836902957473662e-01 3.386496946351326420e-03
6.801412576763388174e-01 3.376622832237614023e-03
6.815015401916915128e-01 3.372168025614880917e-03
6.828645432720749087e-01 3.375678067017016948e-03
6.842302723586191071e-01 3.351860195225266851e-03
6.855987329033363942e-01 3.378356847911389866e-03
6.869699303691431114e-01 3.387648192751682719e-03
6.883438702298814160e-01 3.402305796603499743e-03
6.897205579703411527e-01 3.397821990887750412e-03
6.910999990862818354e-01 3.431158144824882680e-03
6.924821990844544084e-01 3.479770191755326980e-03
6.938671634826233392e-01 3.423639957969163653e-03
6.952548978095886012e-01 3.473147709493104238e-03
6.966454076052077671e-01 3.445298961980440035e-03
6.980386984204182133e-01 3.431420914146211115e-03
6.994347758172591023e-01 3.425111401499834028e-03
7.008336453688935874e-01 3.454761702172387712e-03
7.022353126596313500e-01 3.460466852557663505e-03
7.036397832849505818e-01 3.429040884024365816e-03
7.050470628515205229e-01 3.470503500476881508e-03
7.064571569772235549e-01 3.431724161915909645e-03
7.078700712911779602e-01 3.447902740830651683e-03
7.092858114337603492e-01 3.467911900149019296e-03
7.107043830566278642e-01 3.454067523474916961e-03
7.121257918227411610e-01 3.456888843498029645e-03
7.135500434063866138e-01 3.455086056327224577e-03
7.149771434931994074e-01 3.489258991065492983e-03
7.164070977801858531e-01 3.503473430468756564e-03
7.178399119757462588e-01 3.514402154162302953e-03
7.192755917996977999e-01 3.500174077039334541e-03
7.207141429832971680e-01 3.491201746912277453e-03
7.221555712692637741e-01 3.473449914972308837e-03
7.235998824118022865e-01 3.507818976817025057e-03
7.250470821766259455e-01 3.442323844417731222e-03
7.264971763409792116e-01 3.484879392264677526e-03
7.279501706936611916e-01 3.531980817292793874e-03
7.294060710350485088e-01 3.521352472572308271e-03
7.308648831771186183e-01 3.471179095602546730e-03
7.323266129434728988e-01 3.480070849053706721e-03
7.337912661693598571e-01 3.484958847725710615e-03
7.352588487016985530e-01 3.476448768356395908e-03
7.367293663991019148e-01 3.527132528006688382e-03
7.382028251319001644e-01 3.499801042954133173e-03
7.396792307821639101e-01 3.453346126294611421e-03
7.411585892437282386e-01 3.462658386125027320e-03
7.426409064222156964e-01 3.484413620970190639e-03
7.441261882350601597e-01 3.503755231538663133e-03
7.456144406115302603e-01 3.468118799246242175e-03
7.471056694927533659e-01 3.462015017496727302e-03
7.485998808317388953e-01 3.467819694171966893e-03
7.500970805934024099e-01 3.450686019580075960e-03
7.515972747545892618e-01 3.441789288347396093e-03
7.531004693040984632e-01 3.438732508544889259e-03
7.546066702427066675e-01 3.421828770204096704e-03
7.561158835831920388e-01 3.420043578771629362e-03
7.576281153503584553e-01 3.425732162078561419e-03
7.591433715810591565e-01 3.437267487562115607e-03
7.606616583242212792e-01 3.412988142951984064e-03
7.621829816408697278e-01 3.417131239987955191e-03
7.637073476041514875e-01 3.413781349113716949e-03
7.652347622993598275e-01 3.407690498052733715e-03
7.667652318239585041e-01 3.391604273576511591e-03
7.682987622876064071e-01 3.386240011792399519e-03
7.698353598121816521e-01 3.395811143670315977e-03
7.713750305318060052e-01 3.404783381368477364e-03
7.729177805928696410e-01 3.394240377153461431e-03
7.744636161540553454e-01 3.375115306817300445e-03
7.760125433863634958e-01 3.380057918146782674e-03
7.775645684731362639e-01 3.391817396506734226e-03
7.791196976100824845e-01 3.416569503378786080e-03
7.806779370053026357e-01 3.414065332888024853e-03
7.822392928793132638e-01 3.408572664548855952e-03
7.838037714650718524e-01 3.417964207106680228e-03
7.853713790080020241e-01 3.422236541627553946e-03
7.869421217660180767e-01 3.430414802262354759e-03
7.885160060095500745e-01 3.392639779926189415e-03
7.900930380215691606e-01 3.421912408004266267e-03
7.916732240976123158e-01 3.409933046696985229e-03
7.932565705458075600e-01 3.427005487361957977e-03
7.948430836868991545e-01 3.442942487012279947e-03
7.964327698542729150e-01 3.451078034498485016e-03
7.980256353939814140e-01 3.482169089220847526e-03
7.996216866647694044e-01 3.475513853174185333e-03
8.012209300380989108e-01 3.443701623985896774e-03
8.028233718981750977e-01 3.458433182208250131e-03
8.044290186419714717e-01 3.465443720168050103e-03
8.060378766792554162e-01 3.454902570453785918e-03
8.076499524326139490e-01 3.462465955138118411e-03
8.092652523374791462e-01 3.525216582602130021e-03
8.108837828421541216e-01 3.500789859289959744e-03
8.125055504078384505e-01 3.533081271672227231e-03
8.141305615086541492e-01 3.438496389918973932e-03
8.157588226316714319e-01 3.485172233745414006e-03
8.173903402769348014e-01 3.469944545803442786e-03
8.190251209574886948e-01 3.469240657767263571e-03
8.206631711994036849e-01 3.507398609127990782e-03
8.223044975418024594e-01 3.490902140430017161e-03
8.239491065368860223e-01 3.528426486347574498e-03
8.255970047499597841e-01 3.441075999921042270e-03
8.272481987594596520e-01 3.503332528834368718e-03
8.289026951569785640e-01 3.488065052050535585e-03
8.305605005472924685e-01 3.486831734463153188e-03
8.322216215483870805e-01 3.440283948318286888e-03
8.338860647914838609e-01 3.463802657200467424e-03
8.355538369210668836e-01 3.534621306299227678e-03
8.372249445949090374e-01 3.508228062142249200e-03
8.388993944840988926e-01 3.526408378308017698e-03
8.405771932730671248e-01 3.514741654019607614e-03
8.422583476596132712e-01 3.487157601786743111e-03
8.439428643549324871e-01 3.472522575025695050e-03
8.456307500836423019e-01 3.518217528173270877e-03
8.473220115838095978e-01 3.477043593023962809e-03
8.490166556069772552e-01 3.488635274412761958e-03
8.507146889181912419e-01 3.469918541536455656e-03
8.524161182960275918e-01 3.426202488952878340e-03
8.541209505326196050e-01 3.457424013779721462e-03
8.558291924336848266e-01 3.459863556532173298e-03
8.575408508185522471e-01 3.456681008438137418e-03
8.592559325201893916e-01 3.459931448355666687e-03
8.609744443852297424e-01 3.440712562403923629e-03
8.626963932740001617e-01 3.442515196760263189e-03
8.644217860605482029e-01 3.442490398668988753e-03
8.661506296326693111e-01 3.430370752068178861e-03
8.678829308919346897e-01 3.420039394840319012e-03
8.696186967537186119e-01 3.442919767172264965e-03
8.713579341472260653e-01 3.445651973129535816e-03
8.731006500155205075e-01 3.424294322440023935e-03
8.748468513155515103e-01 3.425925027124470008e-03
8.765965450181826268e-01 3.434300733688691772e-03
8.783497381082190358e-01 3.428519413059192417e-03
8.801064375844355192e-01 3.396169173690807060e-03
8.818666504596044398e-01 3.411656321072850922e-03
8.836303837605236078e-01 3.405674469116774534e-03
8.853976445280447027e-01 3.438025316592622279e-03
8.871684398171008068e-01 3.442441380058416239e-03
8.889427766967350486e-01 3.500318100524735764e-03
8.907206622501284699e-01 3.503424013803149370e-03
8.925021035746287801e-01 3.531809775947406492e-03
8.942871077817780012e-01 3.578665320465816615e-03
8.960756819973415555e-01 3.525814636511134977e-03
8.978678333613362428e-01 3.510633616284265790e-03
8.996635690280588848e-01 3.479697200045557721e-03
9.014628961661149686e-01 3.531193457170419322e-03
9.032658219584471793e-01 3.484554553236496061e-03
9.050723536023640436e-01 3.491892867639611545e-03
9.068824983095687964e-01 3.477155602093304470e-03
9.086962633061879124e-01 3.482225860874841716e-03
9.105136558328003060e-01 3.457588677156069219e-03
9.123346831444658633e-01 3.511074576755143957e-03
9.141593525107547524e-01 3.457373117538033256e-03
9.159876712157762890e-01 3.518894383606015717e-03
9.178196465582078023e-01 3.549482010173367862e-03
9.196552858513241668e-01 3.515494006034100387e-03
9.214945964230267794e-01 3.545723112001620408e-03
9.233375856158728689e-01 3.533288882525147025e-03
9.251842607871045843e-01 3.561695357946169805e-03
9.270346293086787481e-01 3.519363589551918747e-03
9.288886985672960561e-01 3.585367485540572052e-03
9.307464759644306085e-01 3.561816103978319211e-03
9.326079689163594422e-01 3.600860584048566453e-03
9.344731848541921737e-01 3.627646283039587423e-03
9.363421312239005312e-01 3.573926050461273454e-03
9.382148154863483303e-01 3.569541000066914216e-03
9.400912451173210060e-01 3.558572747070901966e-03
9.419714276075557002e-01 3.577012395710161326e-03
9.438553704627707930e-01 3.518641445396588404e-03
9.457430812036963230e-01 3.574406206876492090e-03
9.476345673661037416e-01 3.602203758677990659e-03
9.495298365008359998e-01 3.579274102572319906e-03
9.514288961738376349e-01 3.553061338719372582e-03
9.533317539661853024e-01 3.547472119316098099e-03
9.552384174741176404e-01 3.582495269053527932e-03
9.571488943090659118e-01 3.593295876847690633e-03
9.590631920976840918e-01 3.578718781983758826e-03
9.609813184818795095e-01 3.542375265218391470e-03
9.629032811188432683e-01 3.557080083139509390e-03
9.648290876810809991e-01 3.583202727844966330e-03
9.667587458564431691e-01 3.551430761134343871e-03
9.686922633481560574e-01 3.513928278788392909e-03
9.706296478748523970e-01 3.530901571166465171e-03
9.725709071706021280e-01 3.611346524016216357e-03
9.745160489849433727e-01 3.534846424945184851e-03
9.764650810829132999e-01 3.553629183081766750e-03
9.784180112450791000e-01 3.565479252697512525e-03
9.803748472675692938e-01 3.557920926423151740e-03
9.823355969621044848e-01 3.546305109366933075e-03
9.843002681560286682e-01 3.509691896528195111e-03
9.862688686923407611e-01 3.538262568046121777e-03
9.882414064297254663e-01 3.527662749683355744e-03
9.902178892425849144e-01 3.548122216221044015e-03
9.921983250210700822e-01 3.525142232671362851e-03
9.941827216711122128e-01 3.535124613239435960e-03
9.961710871144544566e-01 3.522259173731915379e-03
9.981634292886834015e-01 3.511738010239751247e-03
1.000159756147260826e+00 3.492601065292992926e-03
1.002160075659555449e+00 3.512276105806533179e-03
1.004164395810874577e+00 3.506866284144195128e-03
1.006172724602496293e+00 3.494385862635868579e-03
1.008185070051701215e+00 3.504953999051763514e-03
1.010201440191804689e+00 3.481780785502512285e-03
1.012221843072188321e+00 3.477391610549231214e-03
1.014246286758332616e+00 3.477162919687560704e-03
1.016274779331849176e+00 3.454104569792803593e-03
1.018307328890512897e+00 3.471481452783524001e-03
1.020343943548293941e+00 3.454318516872973300e-03
1.022384631435390601e+00 3.470552554440569856e-03
1.024429400698261272e+00 3.453217739270494392e-03
1.026478259499657764e+00 3.431460587659402803e-03
1.028531216018657046e+00 3.453422328134174608e-03
1.030588278450694339e+00 3.460381529530499097e-03
1.032649455007595751e+00 3.450194270156063496e-03
1.034714753917610919e+00 3.440128818808006403e-03
1.036784183425446093e+00 3.433347247223111996e-03
1.038857751792297002e+00 3.447913716994250363e-03
1.040935467295881489e+00 3.418102039531767736e-03
1.043017338230473268e+00 3.435042952026938750e-03
1.045103372906934114e+00 3.450187582411718204e-03
1.047193579652748063e+00 3.446404509292234387e-03
1.049287966812053607e+00 3.421282962080867112e-03
1.051386542745677666e+00 3.456911576418988073e-03
1.053489315831169115e+00 3.485338175964286696e-03
1.055596294462831430e+00 3.469954191689247295e-03
1.057707487051757100e+00 3.437039492006918086e-03
1.059822902025860714e+00 3.474503106237796651e-03
1.061942547829912487e+00 3.446229234526916423e-03
1.064066432925572236e+00 3.396253571633411732e-03
1.066194565791423354e+00 3.456189051789579272e-03
1.068326954923006111e+00 3.490887155657881793e-03
1.070463608832852076e+00 3.429928651041272598e-03
1.072604536050517865e+00 3.513206890608289862e-03
1.074749745122618894e+00 3.506875300836026239e-03
1.076899244612864237e+00 3.460397341496977870e-03
1.079053043102089937e+00 3.444359842495082948e-03
1.081211149188294085e+00 3.497909784379772940e-03
1.083373571486670572e+00 3.476931662980075298e-03
1.085540318629643952e+00 3.477650932824592842e-03
1.087711399266903189e+00 3.495330853844616156e-03
1.089886822065436967e+00 3.484743911884265362e-03
1.092066595709567878e+00 3.534065387552939690e-03
1.094250728900987069e+00 3.524673155587187967e-03
1.096439230358789096e+00 3.522109180615240476e-03
1.098632108819506570e+00 3.554537315317254920e-03
1.100829373037145675e+00 3.516405769442785319e-03
1.103031031783219928e+00 3.591580072192439559e-03
1.105237093846786367e+00 3.584120064610004514e-03
1.107447568034479968e+00 3.605334324447546056e-03
1.109662463170548952e+00 3.568311971816169863e-03
1.111881788096890089e+00 3.596100859149152940e-03
1.114105551673083783e+00 3.585456591186577009e-03
1.116333762776430039e+00 3.630223170359843116e-03
1.118566430301982884e+00 3.514670002475055004e-03
1.120803563162586780e+00 3.529824457532827579e-03
1.123045170288911931e+00 3.554143206309323417e-03
1.125291260629489809e+00 3.629940435134968758e-03
1.127541843150748679e+00 3.563051765477556580e-03
1.129796926837050242e+00 3.597828480236806882e-03
1.132056520690724266e+00 3.584101454409025292e-03
1.134320633732105676e+00 3.627427770162979740e-03
1.136589274999569854e+00 3.570188939363890240e-03
1.138862453549569054e+00 3.552684202355055419e-03
1.141140178456668153e+00 3.598294492754382148e-03
1.143422458813581510e+00 3.550158711913814231e-03
1.145709303731208717e+00 3.548346930061575030e-03
1.148000722338671231e+00 3.592031461124536862e-03
1.150296723783348574e+00 3.570892648175355826e-03
1.152597317230915186e+00 3.649118216804422311e-03
1.154902511865377068e+00 3.577588186820943733e-03
1.157212316889107750e+00 3.605166672790452616e-03
1.159526741522886040e+00 3.593034826249160395e-03
1.161845795005931770e+00 3.591672900625920810e-03
1.164169486595943548e+00 3.581620470462040622e-03
1.166497825569135394e+00 3.600597745840660585e-03
1.168830821220273597e+00 3.602912538054285369e-03
1.171168482862714244e+00 3.565177654406241538e-03
1.173510819828439633e+00 3.583568287447534174e-03
1.175857841468096465e+00 3.573179746904937750e-03
1.178209557151032705e+00 3.563817341440984367e-03
1.180565976265334660e+00 3.555165273521763286e-03
1.182927108217865397e+00 3.572091983900125330e-03
1.185292962434301156e+00 3.597161841424249482e-03
1.187663548359169763e+00 3.544075249955098983e-03
1.190038875455888157e+00 3.538068778974958872e-03
1.192418953206799914e+00 3.549535084609732345e-03
1.194803791113213443e+00 3.524614393458877590e-03
1.197193398695439948e+00 3.516839745345314884e-03
1.199587785492830738e+00 3.494350557282546298e-03
1.201986961063816306e+00 3.518886680164433605e-03
1.204390934985943851e+00 3.506001413890662971e-03
1.206799716855915694e+00 3.499073497310878356e-03
1.209213316289627471e+00 3.558353943574260603e-03
1.211631742922206767e+00 3.518767084871549360e-03
1.214055006408051085e+00 3.503753467567183397e-03
1.216483116420867150e+00 3.508089429448885566e-03
1.218916082653708877e+00 3.502500000316822060e-03
1.221353914819016229e+00 3.535893929812667421e-03
1.223796622648654298e+00 3.519444011910213312e-03
1.226244215893951717e+00 3.487573226835516405e-03
1.228696704325739519e+00 3.512673348077400681e-03
1.231154097734391106e+00 3.492697731595209663e-03
1.233616405929859994e+00 3.494575449166565251e-03
1.236083638741719781e+00 3.473253802548361465e-03
1.238555806019203231e+00 3.481199260943979891e-03
1.241032917631241572e+00 3.496034210396241956e-03
1.243514983466504020e+00 3.492029609936673010e-03
1.246002013433437083e+00 3.480410824384722566e-03
1.248494017460303862e+00 3.495503417056513955e-03
1.250991005495224462e+00 3.478919054893417958e-03
1.253492987506214851e+00 3.472411064341406669e-03
1.255999973481227272e+00 3.482318741664930731e-03
1.258511973428189767e+00 3.510093963586851957e-03
1.261028997375046146e+00 3.482971348382585004e-03
1.263551055369796172e+00 3.462637510863080317e-03
1.266078157480535760e+00 3.499829337420174141e-03
1.268610313795496936e+00 3.501276834805580346e-03
1.271147534423088032e+00 3.512009929023243281e-03
1.273689829491934100e+00 3.528866548579104312e-03
1.276237209150917984e+00 3.512304378266618930e-03
1.278789683569219848e+00 3.535084726489048142e-03
1.281347262936358256e+00 3.528058523840834574e-03
1.283909957462231022e+00 3.506522437716157355e-03
1.286477777377155407e+00 3.550641325295612709e-03
1.289050732931909637e+00 3.538997169026920388e-03
1.291628834397773540e+00 3.554389881167839028e-03
1.294212092066569175e+00 3.541265768954712442e-03
1.296800516250702362e+00 3.563914258480975396e-03
1.299394117283203753e+00 3.530350350167604789e-03
1.301992905517770138e+00 3.533704672060847436e-03
1.304596891328805741e+00 3.536145692223948821e-03
1.307206085111463301e+00 3.581509572781194518e-03
1.309820497281686258e+00 3.558793881167618238e-03
1.312440138276249613e+00 3.587936748258073461e-03
1.315065018552802112e+00 3.534618010792975676e-03
1.317695148589907772e+00 3.501037979370704573e-03
1.320330538887087624e+00 3.555404489354807400e-03
1.322971199964861899e+00 3.561554476660008101e-03
1.325617142364791556e+00 3.572942790629418230e-03
1.328268376649521132e+00 3.565601726507190618e-03
1.330924913402820264e+00 3.586157794948155886e-03
1.333586763229625882e+00 3.588487409569682870e-03
1.336253936756085059e+00 3.599830452836914278e-03
1.338926444629597201e+00 3.621493215292456973e-03
1.341604297518856459e+00 3.660439124861821977e-03
1.344287506113894137e+00 3.647848978911107098e-03
1.346976081126121993e+00 3.626301169394270923e-03
1.349670033288374205e+00 3.598325220036136755e-03
1.352369373354950888e+00 3.705865153213479691e-03
1.355074112101660733e+00 3.704696015597063515e-03
1.357784260325864079e+00 3.701146748844078970e-03
1.360499828846515769e+00 3.649674603568681900e-03
1.363220828504208892e+00 3.639463225416390314e-03
1.365947270161217419e+00 3.610952513074534853e-03
1.368679164701539941e+00 3.688198285204650866e-03
1.371416523030942969e+00 3.665928433255112497e-03
1.374159356077004901e+00 3.654436655442260852e-03
1.376907674789158875e+00 3.665572770394699611e-03
1.379661490138737179e+00 3.617996976683035722e-03
1.382420813119014547e+00 3.686279512077717240e-03
1.385185654745252570e+00 3.688585330075006691e-03
1.387956026054742997e+00 3.701195611200341212e-03
1.390731938106852583e+00 3.680221364217241883e-03
1.393513401983066391e+00 3.668675133411047982e-03
1.396300428787032422e+00 3.677236378608643094e-03
1.399093029644606467e+00 3.619312496373001693e-03
1.401891215703895632e+00 3.631953636921196171e-03
1.404694998135303408e+00 3.626698325884684070e-03
1.407504388131574080e+00 3.689166347109602579e-03
1.410319396907837142e+00 3.647389790153435750e-03
1.413140035701652808e+00 3.635747452998809841e-03
1.415966315773056206e+00 3.643276156119944643e-03
1.418798248404602225e+00 3.705833640683418601e-03
1.421635844901411483e+00 3.660294786323358123e-03
1.424479116591214289e+00 3.602289693997526819e-03
1.427328074824396609e+00 3.658000684893027502e-03
1.430182730974045358e+00 3.612878177296982140e-03
1.433043096435993480e+00 3.649671476240270909e-03
1.435909182628865466e+00 3.617649334846609332e-03
1.438781000994123094e+00 3.618201248076051597e-03
1.441658562996111392e+00 3.651414421121594589e-03
1.444541880122103716e+00 3.665638744168202463e-03
1.447430963882347932e+00 3.665683322405645459e-03
1.450325825810112601e+00 3.666827323331151457e-03
1.453226477461732724e+00 3.630563333992494965e-03
1.456132930416656146e+00 3.647515170292838470e-03
1.459045196277489520e+00 3.630246532647003928e-03
1.461963286670044493e+00 3.634838217365498041e-03
1.464887213243384556e+00 3.616359127260913593e-03
1.467816987669871232e+00 3.650929886999862255e-03
1.470752621645210922e+00 3.644135394448883881e-03
1.473694126888501321e+00 3.629563072326380275e-03
1.476641515142278260e+00 3.648688752983388073e-03
1.479594798172562786e+00 3.633810246207707772e-03
1.482553987768908010e+00 3.602437663475721412e-03
1.485519095744445739e+00 3.627526289917752406e-03
1.488490133935934656e+00 3.605308482071305394e-03
1.491467114203806510e+00 3.650147690234010426e-03
1.494450048432214073e+00 3.600699889145995286e-03
1.497438948529078440e+00 3.577956548307471667e-03
1.500433826426136541e+00 3.594945065500390700e-03
1.503434694078988887e+00 3.625211962214958030e-03
1.506441563467146860e+00 3.592342681516856942e-03
1.509454446594081123e+00 3.567548022337152340e-03
1.512473355487269355e+00 3.609167213139439188e-03
1.515498302198243996e+00 3.584920381604152478e-03
1.518529298802640426e+00 3.614663949072897692e-03
1.521566357400245817e+00 3.601762474245194436e-03
1.524609490115046206e+00 3.610405492869408605e-03
1.527658709095276235e+00 3.564014803684147775e-03
1.530714026513466886e+00 3.587840678728629849e-03
1.533775454566493890e+00 3.549838319282052224e-03
1.536843005475626800e+00 3.561689622341119871e-03
1.539916691486578060e+00 3.576157460819672299e-03
1.542996524869551189e+00 3.557403149943159232e-03
1.546082517919290300e+00 3.553240225969980619e-03
1.549174682955128945e+00 3.541415783439911483e-03
1.552273032321039192e+00 3.562401288313233726e-03
1.555377578385681359e+00 3.535465035185755139e-03
1.558488333542452642e+00 3.537978875982414426e-03
1.561605310209537523e+00 3.516798100599195006e-03
1.564728520829956615e+00 3.552688312781508619e-03
1.567857977871616626e+00 3.520440156175408657e-03
1.570993693827359872e+00 3.522095963029425562e-03
1.574135681215014682e+00 3.506519791486835749e-03
1.577283952577444692e+00 3.536393747920460028e-03
1.580438520482599474e+00 3.533824810255649981e-03
1.583599397523564711e+00 3.514744200212686909e-03
1.586766596318611944e+00 3.532638606600831468e-03
1.589940129511249189e+00 3.498640807274458128e-03
1.593120009770271794e+00 3.515140195850194067e-03
1.596306249789812393e+00 3.501077051181505223e-03
1.599498862289391976e+00 3.504592493206231882e-03
1.602697860013970743e+00 3.526614699868199383e-03
1.605903255733998725e+00 3.496833907989535962e-03
1.609115062245466632e+00 3.504399067531478295e-03
1.612333292369957594e+00 3.489646207939406473e-03
1.615557958954697559e+00 3.504222253053477024e-03
1.618789074872607037e+00 3.518169728298632150e-03
1.622026653022352161e+00 3.483931071091137758e-03
1.625270706328396875e+00 3.526596411335243108e-03
1.628521247741053779e+00 3.485723059945614044e-03
1.631778290236535867e+00 3.508831483542964366e-03
1.635041846817008926e+00 3.495248062477822673e-03
1.638311930510642833e+00 3.515111868719274051e-03
1.641588554371664177e+00 3.513868947214045767e-03
1.644871731480407551e+00 3.528296979117514706e-03
1.648161474943368399e+00 3.468775618188930931e-03
1.651457797893255197e+00 3.475654549264302340e-03
1.654760713489041635e+00 3.498760431877862096e-03
1.658070234916019681e+00 3.498447809363668549e-03
1.661386375385851766e+00 3.498394325152118060e-03
1.664709148136623407e+00 3.548951584240515617e-03
1.668038566432896719e+00 3.524071092201500055e-03
1.671374643565762597e+00 3.503306899969534961e-03
1.674717392852894227e+00 3.499225035415771783e-03
1.678066827638599934e+00 3.503701996104242617e-03
1.681422961293877139e+00 3.511878263852459808e-03
1.684785807216464981e+00 3.466028824257916599e-03
1.688155378830897835e+00 3.541450844050095682e-03
1.691531689588559706e+00 3.525810643579577967e-03
1.694914752967736860e+00 3.501017558649517202e-03
1.698304582473672442e+00 3.510347851900524549e-03
1.701701191638619770e+00 3.507814775551763593e-03
1.705104594021896958e+00 3.541711025032259156e-03
1.708514803209940647e+00 3.580933004330407246e-03
1.711931832816360632e+00 3.553713478255860272e-03
1.715355696481993375e+00 3.520736904024409589e-03
1.718786407874957289e+00 3.558058677428773894e-03
1.722223980690707146e+00 3.509963683152801314e-03
1.725668428652088471e+00 3.510025431335690206e-03
1.729119765509392614e+00 3.561449224792894754e-03
1.732578005040411373e+00 3.595294391850140624e-03
1.736043161050492278e+00 3.591213134553681782e-03
1.739515247372593221e+00 3.574845739505505115e-03
1.742994277867338404e+00 3.594857560736301055e-03
1.746480266423073191e+00 3.615494305784482283e-03
1.749973226955919392e+00 3.566949245676108177e-03
1.753473173409831221e+00 3.596784947841139782e-03
1.756980119756650804e+00 3.618016103578022835e-03
1.760494079996164141e+00 3.640740094512704469e-03
1.764015068156156385e+00 3.568032634324104588e-03
1.767543098292468695e+00 3.635010940253501945e-03
1.771078184489053742e+00 3.654162837138962613e-03
1.774620340858031886e+00 3.639353958574349356e-03
1.778169581539748023e+00 3.612120605655673531e-03
1.781725920702827537e+00 3.676991550489329581e-03
1.785289372544233144e+00 3.631415401761151508e-03
1.788859951289321515e+00 3.676103434808618807e-03
1.792437671191900117e+00 3.615926793316512084e-03
1.796022546534283837e+00 3.685257742999494771e-03
1.799614591627352489e+00 3.665741994897289257e-03
1.803213820810607215e+00 3.653926200725726020e-03
1.806820248452228439e+00 3.641756637352402959e-03
1.810433888949132930e+00 3.683730500716480508e-03
1.814054756727031092e+00 3.577432581608619520e-03
1.817682866240485140e+00 3.601366007649633039e-03
1.821318231972966162e+00 3.706050914490920285e-03
1.824960868436912076e+00 3.637723432115556703e-03
1.828610790173785805e+00 3.672724002740200902e-03
1.832268011754133452e+00 3.673251273406083570e-03
1.835932547777641810e+00 3.689289537172994998e-03
1.839604412873197203e+00 3.667435492167766316e-03
1.843283621698943664e+00 3.603826845578566446e-03
1.846970188942341551e+00 3.719005867635750626e-03
1.850664129320226170e+00 3.678620263237451001e-03
1.854365457578866616e+00 3.676915918881799427e-03
1.858074188494024392e+00 3.682527738033602657e-03
1.861790336871012475e+00 3.686726590599319862e-03
1.865513917544754596e+00 3.687264722481518181e-03
1.869244945379844092e+00 3.663510114350719462e-03
1.872983435270603847e+00 3.719529053452783063e-03
1.876729402141145142e+00 3.674497583016771672e-03
1.880482860945427381e+00 3.678791909418372905e-03
1.884243826667318267e+00 3.694241175373825722e-03
1.888012314320652862e+00 3.647939135033994185e-03
1.891788338949294213e+00 3.675433911920004872e-03
1.895571915627192849e+00 3.589344879604161164e-03
1.899363059458447189e+00 3.655634980402482775e-03
1.903161785577364151e+00 3.697594583809924677e-03
1.906968109148518886e+00 3.706591952367011607e-03
1.910782045366815840e+00 3.666522080677353003e-03
1.914603609457549371e+00 3.594553270863387606e-03
1.918432816676464370e+00 3.616003601063157158e-03
1.922269682309817318e+00 3.583098128207550751e-03
1.926114221674436910e+00 3.685550658183303543e-03
1.929966450117785781e+00 3.686772548870008090e-03
1.933826383018021344e+00 3.717693138349352586e-03
1.937694035784057300e+00 3.670220127245998540e-03
1.941569423855625365e+00 3.698303385700187507e-03
1.945452562703336552e+00 3.659994590761983350e-03
1.949343467828743126e+00 3.685336256255392767e-03
1.953242154764400551e+00 3.709379098558061080e-03
1.957148639073929441e+00 3.627003467270608229e-03
1.961062936352077291e+00 3.678659021782705769e-03
1.964985062224781531e+00 3.654611278959507721e-03
1.968915032349231042e+00 3.666727125258608441e-03
1.972852862413929431e+00 3.645542693163911132e-03
1.976798568138757206e+00 3.636774268155971556e-03
1.980752165275034615e+00 3.629467335392863592e-03
1.984713669605584707e+00 3.622106861511861352e-03
1.988683096944795947e+00 3.671352168677109295e-03
1.992660463138685500e+00 3.635029456520296083e-03
1.996645784064962958e+00 3.621098240076513469e-03
2.000639075633092734e+00 3.636372245653762651e-03
2.004640353784358897e+00 3.622111820264720637e-03
2.008649634491927571e+00 3.646064200738936400e-03
2.012666933760911547e+00 3.617180672147376173e-03
2.016692267628433566e+00 3.644655792644268047e-03
2.020725652163690267e+00 3.626216310005815537e-03
2.024767103468017471e+00 3.610225895218908011e-03
2.028816637674953682e+00 3.628286700247883214e-03
2.032874270950303597e+00 3.598096478626568780e-03
2.036940019492204268e+00 3.575503922321116457e-03
2.041013899531188613e+00 3.625164296535652968e-03
2.045095927330251140e+00 3.599055102041449385e-03
2.049186119184911448e+00 3.604841530828869697e-03
2.053284491423281288e+00 3.602843407296699944e-03
2.057391060406128069e+00 3.575096960218801002e-03
2.061505842526940135e+00 3.559166321730163670e-03
2.065628854211993826e+00 3.562814819578059584e-03
2.069760111920417867e+00 3.580726725037616104e-03
2.073899632144258653e+00 3.555273059054012402e-03
2.078047431408547308e+00 3.563860846458550679e-03
2.082203526271364513e+00 3.559334918466339377e-03
2.086367933323907131e+00 3.563785823777157902e-03
2.090540669190554812e+00 3.565939834440681657e-03
2.094721750528935722e+00 3.563454103154707186e-03
2.098911194029993599e+00 3.553481360766904025e-03
2.103109016418053479e+00 3.549221067969867121e-03
2.107315234450889641e+00 3.550693791814814836e-03
2.111529864919791333e+00 3.551199306731056462e-03
2.115752924649630717e+00 3.557086912731227506e-03
2.119984430498929928e+00 3.553721977045511040e-03
2.124224399359927684e+00 3.547441087286870576e-03
2.128472848158647679e+00 3.531552525704816353e-03
2.132729793854965195e+00 3.535150728911297998e-03
2.136995253442675047e+00 3.537492303420265195e-03
2.141269243949560419e+00 3.544890275566993463e-03
2.145551782437459476e+00 3.502644977131917116e-03
2.149842886002334197e+00 3.523458689455012324e-03
2.154142571774338766e+00 3.531329263203937963e-03
2.158450856917887517e+00 3.511603138835063097e-03
2.162767758631723325e+00 3.513897931213955540e-03
2.167093294148986882e+00 3.532372518398644093e-03
2.171427480737284643e+00 3.513105358212041066e-03
2.175770335698758995e+00 3.503092863068640612e-03
2.180121876370156642e+00 3.535515312300860878e-03
2.184482120122896998e+00 3.525187395471170940e-03
2.188851084363142796e+00 3.498830910110959768e-03
2.193228786531868924e+00 3.523962311682370726e-03
2.197615244104932586e+00 3.550795934058665303e-03
2.202010474593142586e+00 3.533070936044283884e-03
2.206414495542329046e+00 3.543870258111694090e-03
2.210827324533413574e+00 3.528425916610294141e-03
2.215248979182480316e+00 3.529595580935834549e-03
2.219679477140845236e+00 3.571238695808577439e-03
2.224118836095126728e+00 3.559648271024706909e-03
2.228567073767317108e+00 3.498169234072561872e-03
2.233024207914851900e+00 3.529213993773476499e-03
2.237490256330681770e+00 3.526923747003445596e-03
2.241965236843343146e+00 3.557439624471295768e-03
2.246449167317029705e+00 3.573639273320233182e-03
2.250942065651663881e+00 3.479910775592399454e-03
2.255443949782967028e+00 3.512453379884484129e-03
2.259954837682533135e+00 3.516988650971661964e-03
2.264474747357898110e+00 3.560942369652275036e-03
2.269003696852613938e+00 3.577093667859830746e-03
2.273541704246319295e+00 3.524030497839553480e-03
2.278088787654811931e+00 3.548448406208704747e-03
2.282644965230121503e+00 3.522848906600798639e-03
2.287210255160581962e+00 3.582190993745109492e-03
2.291784675670903049e+00 3.606800915033147193e-03
2.296368245022244903e+00 3.572291103059783372e-03
2.300960981512289560e+00 3.581599304113502590e-03
2.305562903475314229e+00 3.603082442327675862e-03
2.310174029282265007e+00 3.571993733572408417e-03
2.314794377340829712e+00 3.636586592093625676e-03
2.319423966095511158e+00 3.517790442203752588e-03
2.324062814027702206e+00 3.614709933872591475e-03
2.328710939655757706e+00 3.582901855708726848e-03
2.333368361535069102e+00 3.516397102660293560e-03
2.338035098258139044e+00 3.533761339715358121e-03
2.342711168454655102e+00 3.525107841682548291e-03
2.347396590791564375e+00 3.582008776034322547e-03
2.352091383973147654e+00 3.647008602432960482e-03
2.356795566741094028e+00 3.640139556251074850e-03
2.361509157874576381e+00 3.584188134037852736e-03
2.366232176190325553e+00 3.563679924897838157e-03
2.370964640542706281e+00 3.629752079491458099e-03
2.375706569823791803e+00 3.586371252267778805e-03
2.380457982963439356e+00 3.612488492665189097e-03
2.385218898929366116e+00 3.588020218639869155e-03
2.389989336727224689e+00 3.546198510815947239e-03
2.394769315400679055e+00 3.637253178467224086e-03
2.399558854031480504e+00 3.599480788440051482e-03
2.404357971739543576e+00 3.670203941878872993e-03
2.409166687683022445e+00 3.627877285582367054e-03
2.413985021058388636e+00 3.635188817383642242e-03
2.418812991100505627e+00 3.652465152134084115e-03
2.423650617082706571e+00 3.640428417456607717e-03
2.428497918316872006e+00 3.634641999557108611e-03
2.433354914153505799e+00 3.622417338323801871e-03
2.438221623981812858e+00 3.592450215279789725e-03
2.443098067229776404e+00 3.622428417953940574e-03
2.447984263364236135e+00 3.663759905965023426e-03
2.452880231890964602e+00 3.679636443940218372e-03
2.457785992354746707e+00 3.602078504668052884e-03
2.462701564339456084e+00 3.657297663518552927e-03
2.467626967468135035e+00 3.691407363917431628e-03
2.472562221403071359e+00 3.681423458100230566e-03
2.477507345845877396e+00 3.695934579476672487e-03
2.482462360537569079e+00 3.719551051732520371e-03
2.487427285258644094e+00 3.679159618051966365e-03
2.492402139829161367e+00 3.629980146210310017e-03
2.497386944108819673e+00 3.726094518208745553e-03
2.502381717997037125e+00 3.655755818199719898e-03
2.507386481433031111e+00 3.703134780052229694e-03
2.512401254395897343e+00 3.725322037991037928e-03
2.517426056904689347e+00 3.719876475258269369e-03
2.522460909018498842e+00 3.719308365495988672e-03
2.527505830836535683e+00 3.714998140928540277e-03
2.532560842498208675e+00 3.729679138081442615e-03
2.537625964183205074e+00 3.711203977601214114e-03
2.542701216111571405e+00 3.744763399350523915e-03
2.547786618543794734e+00 3.739476040303717653e-03
2.552882191780882160e+00 3.746342257880597680e-03
2.557987956164443855e+00 3.670483982070873400e-03
2.563103932076772562e+00 3.745249300955638423e-03
2.568230139940926193e+00 3.731721559117391618e-03
2.573366600220808209e+00 3.747068852527046887e-03
2.578513333421249776e+00 3.684436883751374733e-03
2.583670360088092366e+00 3.744180596557518392e-03
2.588837700808268583e+00 3.725512912742501206e-03
2.594015376209885204e+00 3.654951490063799904e-03
2.599203406962304896e+00 3.674508988171885406e-03
2.604401813776229702e+00 3.724278948522804274e-03
2.609610617403782307e+00 3.738230574487054220e-03
2.614829838638589976e+00 3.681898338033006389e-03
2.620059498315867152e+00 3.734093985547510750e-03
2.625299617312498945e+00 3.680145992607017098e-03
2.630550216547123732e+00 3.739916263337863915e-03
2.635811316980217978e+00 3.669127298156910945e-03
2.641082939614178393e+00 3.716700318527302056e-03
2.646365105493406755e+00 3.722780693207891015e-03
2.651657835704393396e+00 3.692731203762239164e-03
2.656961151375802022e+00 3.682214792210144767e-03
2.662275073678553650e+00 3.706262067056821999e-03
2.667599623825910538e+00 3.740300903561774668e-03
2.672934823073562338e+00 3.732502239255633056e-03
2.678280692719709588e+00 3.722534274439773423e-03
2.683637254105148973e+00 3.740269152711228704e-03
2.689004528613359479e+00 3.733576992670723568e-03
2.694382537670586331e+00 3.743689590044367663e-03
2.699771302745927581e+00 3.682111470166337351e-03
2.705170845351419384e+00 3.733036548810933671e-03
2.710581187042122142e+00 3.713129109232406449e-03
2.716002349416206219e+00 3.724643419816756583e-03
2.721434354115038534e+00 3.738131581849279267e-03
2.726877222823268720e+00 3.699483533577973410e-03
2.732330977268915273e+00 3.697861028610680435e-03
2.737795639223453037e+00 3.700139928305031661e-03
2.743271230501899804e+00 3.712195898965917062e-03
2.748757772962903800e+00 3.709401109340437503e-03
2.754255288508829391e+00 3.739897430892248804e-03
2.759763799085847236e+00 3.693674621534704001e-03
2.765283326684019105e+00 3.710709120714974010e-03
2.770813893337387146e+00 3.747061290551930487e-03
2.776355521124061809e+00 3.720489435409796760e-03
2.781908232166309780e+00 3.738077718087148144e-03
2.787472048630642352e+00 3.744902020332045115e-03
2.793046992727903799e+00 3.729779363794374740e-03
2.798633086713359752e+00 3.711259144056339079e-03
2.804230352886786459e+00 3.745693660217720364e-03
2.809838813592560047e+00 3.701804655333638863e-03
2.815458491219745341e+00 3.730886700415313954e-03
2.821089408202184678e+00 3.744521938001716017e-03
2.826731587018588954e+00 3.722164361753312230e-03
2.832385050192625986e+00 3.720837502558834668e-03
2.838049820293011116e+00 3.744279978918860132e-03
2.843725919933597357e+00 3.720581998522401630e-03
2.849413371773464654e+00 3.737869334248768854e-03
2.855112198517011368e+00 3.744776713593076130e-03
2.860822422914045315e+00 3.701962683353148854e-03
2.866544067759873471e+00 3.719413818422646466e-03
2.872277155895393008e+00 3.739026038562596587e-03
2.878021710207183670e+00 3.725746208178452173e-03
2.883777753627597917e+00 3.699311996875893731e-03
2.889545309134853301e+00 3.736890083421060080e-03
2.895324399753123057e+00 3.683088572185052971e-03
2.901115048552629361e+00 3.730381074587675507e-03
2.906917278649734815e+00 3.704761069097919652e-03
2.912731113207034372e+00 3.675517853834870102e-03
2.918556575433448597e+00 3.710004941099787328e-03
2.924393688584315587e+00 3.700053624905227847e-03
2.930242475961484239e+00 3.703283396780543673e-03
2.936102960913407056e+00 3.627559516272850677e-03
2.941975166835233857e+00 3.705610235398036807e-03
2.947859117168904142e+00 3.715165941610516429e-03
2.953754835403242129e+00 3.691439052691706819e-03
2.959662345074048684e+00 3.700759862125329105e-03
2.965581669764196793e+00 3.650929681064145858e-03
2.971512833103725271e+00 3.688790508611586392e-03
2.977455858769932906e+00 3.640794381608043490e-03
2.983410770487472607e+00 3.697689020766656287e-03
2.989377592028447772e+00 3.714117885067961915e-03
2.995356347212504655e+00 3.642500586584529552e-03
3.001347059906929626e+00 3.650566191513441444e-03
3.007349754026743316e+00 3.696216290140691418e-03
3.013364453534796983e+00 3.636600562620894567e-03
3.019391182441866661e+00 3.669620346230920409e-03
3.025429964806750416e+00 3.672533144475850515e-03
3.031480824736363822e+00 3.691633434300413494e-03
3.037543786385836331e+00 3.645113293305606971e-03
3.043618873958608084e+00 3.680053454651699071e-03
3.049706111706525391e+00 3.704163234974514572e-03
3.055805523929938428e+00 3.661335131297069074e-03
3.061917134977798494e+00 3.679647112770832468e-03
3.068040969247753935e+00 3.625238160346571335e-03
3.074177051186249621e+00 3.623111011097531354e-03
3.080325405288621976e+00 3.665854395725264697e-03
3.086486056099199349e+00 3.653945098502535578e-03
3.092659028211397931e+00 3.677436589351923239e-03
3.098844346267820793e+00 3.605122100570348591e-03
3.105042034960356467e+00 3.653683161177923890e-03
3.111252119030277097e+00 3.675138438030928038e-03
3.117474623268337464e+00 3.628002302087407135e-03
3.123709572514874022e+00 3.666849162269894807e-03
3.129956991659903931e+00 3.635048429098524173e-03
3.136216905643223640e+00 3.649604171851220189e-03
3.142489339454510144e+00 3.630719545781889868e-03
3.148774318133419126e+00 3.684681416937254667e-03
3.155071866769685762e+00 3.640552709762282825e-03
3.161382010503225093e+00 3.634100224410454980e-03
3.167704774524231492e+00 3.639760895441249491e-03
3.174040184073279924e+00 3.617315276348623525e-03
3.180388264441426305e+00 3.602623639928555568e-03
3.186749040970309199e+00 3.627570535490019180e-03
3.193122539052249742e+00 3.634037345485055612e-03
3.199508784130354222e+00 3.667459753997952699e-03
3.205907801698614890e+00 3.666291622556599496e-03
3.212319617302012098e+00 3.672116678345392019e-03
3.218744256536616000e+00 3.661989296162407575e-03
3.225181745049689130e+00 3.659170329803004135e-03
3.231632108539788550e+00 3.649455424401014999e-03
3.238095372756867985e+00 3.625242260167351512e-03
3.244571563502381739e+00 3.610297202931025008e-03
3.251060706629386399e+00 3.595186235564756718e-03
3.257562828042645187e+00 3.645983114046480369e-03
3.264077953698730550e+00 3.653380122907258932e-03
3.270606109606128076e+00 3.622523731108743313e-03
3.277147321825340409e+00 3.633206353092459720e-03
3.283701616468991169e+00 3.603476122942416652e-03
3.290269019701929309e+00 3.618566679208245346e-03
3.296849557741333037e+00 3.633619003978235101e-03
3.303443256856815502e+00 3.629169729389416284e-03
3.310050143370529163e+00 3.603597136137265140e-03
3.316670243657270145e+00 3.626271635268733372e-03
3.323303584144584821e+00 3.586109818170087320e-03
3.329950191312874175e+00 3.602934907529566598e-03
3.336610091695499936e+00 3.605598550845564264e-03
3.343283311878890718e+00 3.621988520497810247e-03
3.349969878502648601e+00 3.589636334683793482e-03
3.356669818259653937e+00 3.633052955829637557e-03
3.363383157896173259e+00 3.635799843966679417e-03
3.370109924211965424e+00 3.627292198226000994e-03
3.376850144060389525e+00 3.639031953715780431e-03
3.383603844348510137e+00 3.632637276924844359e-03
3.390371052037207011e+00 3.611029852008914784e-03
3.397151794141281211e+00 3.620477224244356140e-03
3.403946097729563913e+00 3.625619451291814746e-03
3.410753989925022989e+00 3.591560528501695684e-03
3.417575497904873139e+00 3.632089947121595365e-03
3.424410648900682919e+00 3.612745037067971194e-03
3.431259470198484429e+00 3.595271123970705807e-03
3.438121989138881229e+00 3.619542901945686439e-03
3.444998233117158914e+00 3.613445080641409634e-03
3.451888229583393031e+00 3.600801121408830300e-03
3.458792006042559652e+00 3.618233819740651874e-03
3.465709590054644629e+00 3.605221588922068697e-03
3.472641009234753717e+00 3.569592568707527155e-03
3.479586291253223163e+00 3.589273999253835955e-03
3.486545463835729830e+00 3.632919808874397662e-03
3.493518554763401340e+00 3.617167937335663205e-03
3.500505591872927980e+00 3.608976693490477134e-03
3.507506603056673722e+00 3.581694428923561883e-03
3.514521616262787251e+00 3.597794698356741438e-03
3.521550659495312985e+00 3.559318251255519545e-03
3.528593760814303426e+00 3.606831057034072356e-03
3.535650948335931965e+00 3.550901743448297253e-03
3.542722250232603898e+00 3.615682089030203619e-03
3.549807694733069230e+00 3.536769772073775509e-03
3.556907310122535470e+00 3.548141054219760941e-03
3.564021124742780433e+00 3.565907089043147092e-03
3.571149166992265922e+00 3.604008352605708211e-03
3.578291465326250531e+00 3.565721504603298377e-03
3.585448048256902887e+00 3.571930379298407423e-03
3.592618944353416666e+00 3.555531977493700362e-03
3.599804182242123396e+00 3.558693147430550766e-03
3.607003790606607474e+00 3.515216897509807620e-03
3.614217798187820740e+00 3.553364027959068916e-03
3.621446233784196167e+00 3.530265173274979313e-03
3.628689126251764652e+00 3.509075838146661838e-03
3.635946504504268262e+00 3.553853918791485215e-03
3.643218397513276585e+00 3.520712700312379762e-03
3.650504834308303082e+00 3.525432729466330007e-03
3.657805843976919657e+00 3.529237900178247220e-03
3.665121455664873462e+00 3.551445130226394201e-03
3.672451698576203238e+00 3.553757905077763006e-03
3.679796601973355674e+00 3.544481152517344608e-03
3.687156195177302198e+00 3.516002926331707797e-03
3.694530507567656663e+00 3.560301359289979369e-03
3.701919568582792142e+00 3.533346309203910882e-03
3.709323407719957721e+00 3.543654184345412881e-03
3.716742054535397521e+00 3.522806283845663841e-03
3.724175538644468375e+00 3.494393880036908949e-03
3.731623889721757514e+00 3.535875962972549313e-03
3.739087137501201141e+00 3.537893372028458241e-03
3.746565311776203444e+00 3.516765636536338217e-03
3.754058442399756057e+00 3.530421333960150065e-03
3.761566559284555744e+00 3.548402462829191185e-03
3.769089692403124747e+00 3.527925932961392501e-03
3.776627871787931134e+00 3.503746272501036783e-03
3.784181127531506927e+00 3.525809041067922908e-03
3.791749489786569782e+00 3.526551261192934633e-03
3.799332988766142893e+00 3.511079174452306183e-03
3.806931654743675342e+00 3.537227428127859546e-03
3.814545518053162887e+00 3.532104215013071036e-03
3.822174609089269204e+00 3.530800864701343252e-03
3.829818958307447563e+00 3.550363196425166887e-03
3.837478596224062510e+00 3.517697954254383162e-03
3.845153553416510661e+00 3.489221404889082147e-03
3.852843860523343711e+00 3.507204822929974909e-03
3.860549548244390561e+00 3.517457377385852044e-03
3.868270647340879442e+00 3.550537747364157417e-03
3.876007188635561374e+00 3.517700463766845146e-03
3.883759203012832284e+00 3.540950951091674775e-03
3.891526721418857804e+00 3.538212654714450404e-03
3.899309774861695388e+00 3.507236460100029204e-03
3.907108394411418661e+00 3.530386577139888338e-03
3.914922611200241320e+00 3.496358650266215198e-03
3.922752456422641920e+00 3.515643285135061549e-03
3.930597961335487334e+00 3.542902187556007301e-03
3.938459157258158427e+00 3.488190028870579492e-03
3.946336075572674851e+00 3.491231838928505245e-03
3.954228747723820270e+00 3.502348406196533186e-03
3.962137205219268044e+00 3.500707919717281971e-03
3.970061479629706458e+00 3.517857218555877057e-03
3.978001602588965735e+00 3.568139565107390689e-03
3.985957605794143710e+00 3.508750207707437337e-03
3.993929521005731953e+00 3.499334676240361229e-03
4.001917380047743222e+00 3.565995030310597971e-03
4.009921214807838474e+00 3.497629814192655933e-03
4.017941057237454316e+00 3.501776280668475287e-03
4.025976939351929573e+00 3.574536360369481771e-03
4.034028893230633628e+00 3.524225357617365596e-03
4.042096951017095208e+00 3.519302047583056613e-03
4.050181144919129395e+00 3.579915677266395230e-03
4.058281507208967298e+00 3.566083822210797550e-03
4.066398070223384842e+00 3.543560682634982681e-03
4.074530866363831549e+00 3.561094714717334686e-03
4.082679928096559330e+00 3.573917245825601434e-03
4.090845287952752152e+00 3.550552990684984356e-03
4.099026978528657494e+00 3.558167636575431357e-03
4.107225032485715133e+00 3.564692192711496448e-03
4.115439482550686812e+00 3.568038443045753669e-03
4.123670361515788585e+00 3.586483379673577419e-03
4.131917702238820489e+00 3.605328151199726876e-03
4.140181537643297993e+00 3.591242154483729760e-03
4.148461900718584339e+00 3.556226665076417989e-03
4.156758824520021101e+00 3.628599388300761484e-03
4.165072342169061415e+00 3.587940300278680793e-03
4.173402486853399651e+00 3.691636559331475977e-03
4.181749291827106418e+00 3.730389681533282254e-03
4.190112790410760901e+00 3.740948983244169693e-03
4.198493015991582311e+00 3.745100907002842528e-03
4.206890002023565778e+00 3.746165462711251778e-03
4.215303782027612911e+00 3.743852189084241958e-03
4.223734389591667693e+00 3.747337546073360465e-03
4.232181858370850591e+00 3.747328156730441416e-03
4.240646222087592676e+00 3.746340048877431529e-03
4.249127514531767957e+00 3.746973782725599843e-03
4.257625769560831053e+00 3.746128263546305917e-03
4.266141021099953079e+00 3.746836080556916523e-03
4.274673303142153102e+00 3.746677105295506162e-03
4.283222649748437583e+00 3.745340300515655543e-03
4.291789095047934488e+00 3.743664307972526667e-03
4.300372673238030075e+00 3.746811635570870304e-03
4.308973418584506554e+00 3.747135728024351704e-03
4.317591365421675320e+00 3.745017544032720139e-03
4.326226548152519058e+00 3.747020478427588990e-03
4.334879001248824082e+00 3.747091202208305792e-03
4.343548759251321556e+00 3.745571953862669029e-03
4.352235856769824274e+00 3.746132542433862258e-03
4.360940328483364326e+00 3.744429658949695663e-03
4.369662209140330766e+00 3.744681125615077506e-03
4.378401533558611725e+00 3.739931261286672144e-03
4.387158336625728516e+00 3.743035103291891558e-03
4.395932653298979531e+00 3.741631642588465548e-03
4.404724518605577899e+00 3.740427264211092836e-03
4.413533967642789158e+00 3.736582135079192200e-03
4.422361035578075139e+00 3.736040481822550975e-03
4.431205757649231636e+00 3.735036668737166943e-03
4.440068169164530509e+00 3.729992216568063079e-03
4.448948305502859135e+00 3.723092074899108078e-03
4.457846202113865175e+00 3.718496227259706667e-03
4.466761894518092468e+00 3.719512889160430085e-03
4.475695418307128470e+00 3.714018436034226007e-03
4.484646809143742807e+00 3.707870915933767896e-03
4.493616102762030273e+00 3.700873495669765138e-03
4.502603334967554716e+00 3.694996995966474528e-03
4.511608541637490255e+00 3.688915764629436232e-03
4.520631758720765170e+00 3.699055911669849993e-03
4.529673022238206670e+00 3.681078300564185040e-03
4.538732368282683005e+00 3.670919656920079883e-03
4.547809833019248238e+00 3.668947980905047385e-03
4.556905452685287017e+00 3.657656310695046962e-03
4.566019263590657573e+00 3.649210839353178061e-03
4.575151302117839158e+00 3.659887943964637048e-03
4.584301604722075041e+00 3.644351026165798795e-03
4.593470207931519056e+00 3.659535209795427343e-03
4.602657148347382154e+00 3.636836878510538683e-03
4.611862462644077176e+00 3.657413706139048259e-03
4.621086187569365400e+00 3.686122100315362363e-03
4.630328359944503980e+00 3.622155158305079715e-03
4.639589016664393384e+00 3.638513131730621974e-03
4.648868194697722167e+00 3.637482954778813345e-03
4.658165931087117961e+00 3.629717952709747217e-03
4.667482262949292249e+00 3.614526328922163228e-03
4.676817227475190464e+00 3.616254876530656821e-03
4.686170861930141207e+00 3.582472893503613285e-03
4.695543203654001907e+00 3.643760465734093013e-03
4.704934290061309810e+00 3.613937483712333434e-03
4.714344158641432081e+00 3.638737861801189400e-03
4.723772846958715022e+00 3.611300118542475329e-03
4.733220392652632391e+00 3.595839147985622000e-03
4.742686833437937288e+00 3.655570625501304311e-03
4.752172207104813140e+00 3.657918051997470152e-03
4.761676551519022915e+00 3.644824742649142336e-03
4.771199904622061005e+00 3.622465321349483541e-03
4.780742304431305101e+00 3.653742004405765003e-03
4.790303789040168070e+00 3.693248181571019174e-03
4.799884396618248061e+00 3.619463821584717206e-03
4.809484165411484824e+00 3.690859258322143083e-03
4.819103133742308032e+00 3.638155629872132438e-03
4.828741340009792715e+00 3.593824253909728983e-03
4.838398822689812029e+00 3.683876267850328713e-03
4.848075620335191793e+00 3.633436861576498818e-03
4.857771771575862374e+00 3.642284474148640896e-03
4.867487315119014113e+00 3.637708481233919381e-03
4.877222289749251871e+00 3.665831751242416402e-03
4.886976734328750460e+00 3.663333742387546357e-03
4.896750687797408297e+00 3.708205786105149299e-03
4.906544189173002835e+00 3.670735718571709136e-03
4.916357277551348659e+00 3.684662181159115060e-03
4.926189992106451143e+00 3.662762379872474151e-03
4.936042372090663655e+00 3.688509447341116378e-03
4.945914456834844763e+00 3.605357082180206223e-03
4.955806285748514561e+00 3.714916450399299852e-03
4.965717898320011869e+00 3.677142198017215036e-03
4.975649334116652334e+00 3.603400901357966223e-03
4.985600632784885633e+00 3.648917120124749343e-03
4.995571834050455351e+00 3.681653892089773155e-03
5.005562977718556184e+00 3.632149895873083064e-03
5.015574103673992923e+00 3.705631646240321701e-03
5.025605251881341218e+00 3.694559129747843583e-03
5.035656462385103893e+00 3.655429380185698431e-03
5.045727775309874374e+00 3.699929234976819057e-03
5.055819230860493896e+00 3.640256826570105030e-03
5.065930869322214924e+00 3.595476170445877258e-03
5.076062731060859257e+00 3.689577095329158070e-03
5.086214856522980554e+00 3.708806918797425984e-03
5.096387286236026881e+00 3.632079561465322882e-03
5.106580060808498800e+00 3.707623535926169497e-03
5.116793220930115460e+00 3.697270211667855015e-03
5.127026807371975359e+00 3.706304516147040148e-03
5.137280860986718878e+00 3.681851894361206929e-03
5.147555422708692596e+00 3.736068014367949046e-03
5.157850533554110051e+00 3.689452818240463849e-03
5.168166234621218713e+00 3.691098097763269130e-03
5.178502567090460751e+00 3.653255490844262154e-03
5.188859572224641781e+00 3.670312286299048932e-03
5.199237291369090741e+00 3.725187206636829639e-03
5.209635765951828645e+00 3.698260014730365020e-03
5.220055037483732008e+00 3.716969542861825460e-03
5.230495147558699820e+00 3.599190577886108699e-03
5.240956137853816976e+00 3.728978856041745282e-03
5.251438050129524804e+00 3.676138619716840146e-03
5.261940926229783599e+00 3.620718686380228028e-03
5.272464808082243160e+00 3.689850071592152940e-03
5.283009737698407982e+00 3.704758340956495078e-03
5.293575757173805130e+00 3.700648927686660088e-03
5.304162908688152989e+00 3.718709956707865437e-03
5.314771234505529129e+00 3.628814502733260575e-03
5.325400776974539951e+00 3.640101769661692205e-03
5.336051578528489436e+00 3.678574099227240567e-03
5.346723681685546126e+00 3.732516687455572895e-03
5.357417129048917204e+00 3.702889615923876578e-03
5.368131963307015475e+00 3.712122166980461133e-03
5.378868227233629895e+00 3.722550196012404475e-03
5.389625963688096988e+00 3.688582302552932072e-03
5.400405215615473153e+00 3.683434096483198354e-03
5.411206026046704309e+00 3.738451256478509278e-03
5.422028438098797309e+00 3.742462584646266514e-03
5.432872494974994915e+00 3.679275492688171591e-03
5.443738239964944547e+00 3.721650847953263987e-03
5.454625716444874151e+00 3.741772003823373022e-03
5.465534967877763606e+00 3.735210623640199470e-03
5.476466037813518817e+00 3.683760696429755777e-03
5.487418969889145792e+00 3.718582099567143383e-03
5.498393807828923840e+00 3.735083403180570246e-03
5.509390595444581429e+00 3.706634525382347320e-03
5.520409376635470267e+00 3.732869508970422870e-03
5.531450195388741164e+00 3.730472244855148178e-03
5.542513095779519006e+00 3.673287672725150665e-03
5.553598121971077717e+00 3.744774148863615638e-03
5.564705318215019680e+00 3.734217751282470875e-03
5.575834728851449817e+00 3.737899956579093103e-03
5.586986398309152335e+00 3.722804432447031440e-03
5.598160371105771027e+00 3.673185367619621628e-03
5.609356691847982468e+00 3.692075764218845715e-03
5.620575405231678090e+00 3.734405431565784514e-03
5.631816556042141819e+00 3.727610967916304089e-03
5.643080189154225934e+00 3.708548981035381716e-03
5.654366349532534031e+00 3.745320310575955044e-03
5.665675082231598658e+00 3.729305251610940449e-03
5.677006432396061619e+00 3.740786695224354065e-03
5.688360445260853382e+00 3.718346963048429175e-03
5.699737166151375156e+00 3.683009466246786948e-03
5.711136640483678306e+00 3.743833154676897389e-03
5.722558913764645538e+00 3.733789947822395601e-03
5.734004031592174755e+00 3.738052339097396818e-03
5.745472039655359353e+00 3.726902250797008414e-03
5.756962983734670303e+00 3.650313416012700499e-03
5.768476909702139999e+00 3.745299566833019869e-03
5.780013863521544337e+00 3.742175217286674259e-03
5.791573891248587458e+00 3.672464752489836785e-03
5.803157039031084707e+00 3.726772109534421187e-03
5.814763353109146493e+00 3.723057290799106685e-03
5.826392879815364800e+00 3.731641231566272619e-03
5.838045665574995269e+00 3.719912721204541098e-03
5.849721756906145487e+00 3.722089599955015395e-03
5.861421200419957955e+00 3.732943509625769821e-03
5.873144042820797495e+00 3.729159519912499457e-03
5.884890330906438649e+00 3.733288019871775203e-03
5.896660111568251317e+00 3.747255561147756417e-03
5.908453431791388155e+00 3.691852450781729893e-03
5.920270338654971098e+00 3.739202390825843974e-03
5.932110879332281428e+00 3.736995605935722938e-03
5.943975101090946289e+00 3.728047087569935202e-03
5.955863051293127874e+00 3.686776186852629839e-03
5.967774777395714381e+00 3.741114832588242518e-03
5.979710326950505639e+00 3.729231693467497787e-03
5.991669747604406737e+00 3.727458387904573379e-03
6.003653087099615426e+00 3.689513390509230155e-03
6.015660393273814854e+00 3.724914910128247682e-03
6.027691714060362749e+00 3.673700726337091396e-03
6.039747097488483263e+00 3.734710441612829231e-03
6.051826591683460599e+00 3.743503070938932267e-03
6.063930244866827302e+00 3.684493791462964234e-03
6.076058105356560546e+00 3.743053122512018417e-03
6.088210221567273983e+00 3.693274721787974304e-03
6.100386642010408700e+00 3.697580953082342439e-03
6.112587415294429505e+00 3.744603354234845877e-03
6.124812590125018552e+00 3.632646085418413887e-03
6.137062215305268964e+00 3.607952078161432395e-03
6.149336339735879342e+00 3.719806412466565657e-03
6.161635012415350943e+00 3.706825979258356659e-03
6.173958282440181300e+00 3.722525854290793020e-03
6.186306199005061401e+00 3.736892406311056319e-03
6.198678811403071087e+00 3.690640819080274766e-03
6.211076169025877114e+00 3.705777376917355776e-03
6.223498321363928554e+00 3.700063921773524226e-03
6.235945318006656635e+00 3.708572036909126620e-03
6.248417208642670140e+00 3.676445887601300592e-03
6.260914043059955247e+00 3.674362359078222479e-03
6.273435871146075371e+00 3.623181185872005345e-03
6.285982742888367447e+00 3.669031755635357786e-03
6.298554708374144440e+00 3.658206095281886332e-03
6.311151817790892515e+00 3.631019451944379143e-03
6.323774121426474437e+00 3.620476065054425031e-03
6.336421669669327628e+00 3.700928002001151011e-03
6.349094513008666674e+00 3.685355097400534220e-03
6.361792702034684055e+00 3.607106966091293450e-03
6.374516287438753537e+00 3.712967672329227625e-03
6.387265320013630898e+00 3.711013506453165415e-03
6.400039850653658213e+00 3.661045333197013741e-03
6.412839930354965468e+00 3.746634458388910151e-03
6.425665610215675727e+00 3.697534715802852472e-03
6.438516941436106755e+00 3.732624809511331156e-03
6.451393975318978846e+00 3.746795188942960049e-03
6.464296763269616442e+00 3.678873705266834989e-03
6.477225356796155964e+00 3.738575678322638568e-03
6.490179807509748322e+00 3.725176648160207112e-03
6.503160167124767632e+00 3.727153190447889640e-03
6.516166487459017276e+00 3.734908219857035246e-03
6.529198820433935069e+00 3.739927025906735186e-03
6.542257218074802871e+00 3.730731589996799397e-03
6.555341732510952646e+00 3.741919875598821547e-03
6.568452415975974290e+00 3.738956290976828013e-03
6.581589320807926136e+00 3.741322405912478159e-03
6.594752499449541894e+00 3.744772698065902336e-03
6.607942004448441153e+00 3.682850331532744066e-03
6.621157888457338103e+00 3.747040042855265436e-03
6.634400204234252918e+00 3.747123242436054078e-03
6.647669004642721369e+00 3.706275791065422997e-03
6.660964342652007097e+00 3.738609398099413620e-03
6.674286271337311227e+00 3.733400905514421258e-03
6.687634843879985524e+00 3.742519423555224021e-03
6.701010113567745563e+00 3.734003541399534207e-03
6.714412133794881221e+00 3.744401789487933861e-03
6.727840958062470733e+00 3.741183046714715351e-03
6.741296639978595628e+00 3.700355356464870432e-03
6.754779233258553006e+00 3.730893580858174376e-03
6.768288791725070475e+00 3.740497573562963796e-03
6.781825369308520202e+00 3.743674374654485174e-03
6.795389020047137407e+00 3.743123806947720560e-03
6.808979798087231750e+00 3.729520264496948272e-03
6.822597757683405817e+00 3.730473733367587353e-03
6.836242953198772732e+00 3.734474082521827693e-03
6.849915439105170201e+00 3.730768101943718416e-03
6.863615269983380784e+00 3.747686267147452236e-03
6.877342500523347724e+00 3.726028647346881547e-03
6.891097185524394320e+00 3.714575236224750172e-03
6.904879379895443314e+00 3.741654064487901638e-03
6.918689138655234494e+00 3.735008318721888890e-03
6.932526516932544958e+00 3.687934778646954990e-03
6.946391569966410273e+00 3.717349473969719376e-03
6.960284353106342969e+00 3.747290203938912108e-03
6.974204921812555469e+00 3.709837115089288911e-03
6.988153331656180356e+00 3.690568369483141539e-03
7.002129638319492422e+00 3.730313356902052908e-03
7.016133897596131597e+00 3.705938139335532462e-03
7.030166165391324107e+00 3.702346571491627047e-03
7.044226497722107183e+00 3.745869156298445735e-03
7.058314950717551106e+00 3.736267291174998322e-03
7.072431580618986580e+00 3.707431273964997137e-03
7.086576443780224110e+00 3.720878638334547059e-03
7.100749596667784935e+00 3.724418082398237278e-03
7.114951095861120400e+00 3.736940229473644307e-03
7.129180998052842888e+00 3.687849817709242320e-03
7.143439360048948750e+00 3.727756263155005637e-03
7.157726238769046567e+00 3.715762298500829581e-03
7.172041691246584527e+00 3.741276548414523406e-03
7.186385774629077794e+00 3.723641196909536176e-03
7.200758546178335884e+00 3.740560956269587799e-03
7.215160063270692703e+00 3.639481529333967250e-03
7.229590383397233921e+00 3.722941204416842838e-03
7.244049564164028787e+00 3.732323633353084018e-03
7.258537663292356612e+00 3.741494018117567065e-03
7.273054738618941251e+00 3.732396339968645053e-03
7.287600848096179362e+00 3.730032745082745814e-03
7.302176049792371337e+00 3.732828694697040879e-03
7.316780401891955776e+00 3.653975253579841865e-03
7.331413962695739528e+00 3.723093594301689260e-03
7.346076790621131281e+00 3.745759285635065494e-03
7.360768944202373376e+00 3.732751551767949337e-03
7.375490482090778066e+00 3.722405626842831793e-03
7.390241463054959326e+00 3.723070338636952879e-03
7.405021945981069109e+00 3.697707831323080417e-03
7.419831989873030942e+00 3.690636567211805046e-03
7.434671653852777062e+00 3.720137014189169901e-03
7.449540997160482902e+00 3.659922191074152509e-03
7.464440079154804231e+00 3.744974179642993929e-03
7.479368959313113407e+00 3.745222198974846022e-03
7.494327697231739194e+00 3.693843747266136596e-03
7.509316352626203006e+00 3.671729299875795081e-03
7.524334985331455172e+00 3.684320728121062184e-03
7.539383655302118292e+00 3.722559951176762204e-03
7.554462422612722605e+00 3.722342458456189690e-03
7.569571347457948463e+00 3.740713254012700308e-03
7.584710490152864359e+00 3.733454063823662700e-03
7.599879911133170296e+00 3.737029465288424761e-03
7.615079670955436697e+00 3.742670150594830034e-03
7.630309830297347773e+00 3.687863456249373777e-03
7.645570449957942216e+00 3.719516582187745463e-03
7.660861590857858339e+00 3.723445738963466513e-03
7.676183314039573879e+00 3.652087775443627754e-03
7.691535680667652919e+00 3.650332183780633996e-03
7.706918752028988351e+00 3.736502592828245314e-03
7.722332589533046132e+00 3.661312789497033187e-03
7.737777254712112196e+00 3.729634014905617006e-03
7.753252809221536701e+00 3.690998010675535998e-03
7.768759314839980057e+00 3.725895854320678772e-03
7.784296833469659838e+00 3.693910736588439016e-03
7.799865427136599472e+00 3.660478970689292396e-03
7.815465157990872491e+00 3.718449646886423741e-03
7.831096088306853886e+00 3.714683264745749069e-03
7.846758280483467907e+00 3.624197089633971261e-03
7.862451797044434976e+00 3.702953616460918050e-03
7.878176700638523933e+00 3.722412585629407411e-03
7.893933054039800723e+00 3.736262057083085831e-03
7.909720920147880641e+00 3.716792735325131526e-03
7.925540361988176130e+00 3.699970530121928034e-03
7.941391442712152582e+00 3.706834778664824456e-03
7.957274225597577022e+00 3.728748345950109316e-03
7.973188774048772132e+00 3.667244234477653932e-03
7.989135151596869377e+00 3.660097232190250276e-03
8.005113421900063031e+00 3.721158111123993271e-03
8.021123648743863299e+00 3.699817552286885271e-03
8.037165896041351232e+00 3.710765375802104263e-03
8.053240227833434517e+00 3.705570420101670943e-03
8.069346708289101500e+00 3.716329214335610445e-03
8.085485401705680530e+00 3.648804261174685461e-03
8.101656372509092208e+00 3.697316616988316311e-03
8.117859685254110502e+00 3.693781915418078727e-03
8.134095404624618553e+00 3.641226785872196323e-03
8.150363595433868014e+00 3.695510969656716407e-03
8.166664322624736627e+00 3.710762434236334652e-03
8.182997651269985795e+00 3.667145415656893146e-03
8.199363646572525255e+00 3.699747945553288637e-03
8.215762373865670654e+00 3.669743951239515592e-03
8.232193898613401117e+00 3.683044022331170668e-03
8.248658286410627483e+00 3.704851718037807488e-03
8.265155602983448091e+00 3.705180749660052977e-03
8.281685914189415243e+00 3.679668904605437954e-03
8.298249286017794546e+00 3.608410309112942537e-03
8.314845784589829591e+00 3.684159267639967698e-03
8.331475476159008409e+00 3.688878050511092740e-03
8.348138427111326365e+00 3.682851477156785010e-03
8.364834703965549068e+00 3.689308274889259009e-03
8.381564373373480592e+00 3.672374196860677016e-03
8.398327502120228161e+00 3.641975188400795385e-03
8.415124157124468596e+00 3.599773711309108958e-03
8.431954405438718325e+00 3.660698465967336755e-03
8.448818314249596284e+00 3.694440903415876186e-03
8.465715950878095697e+00 3.642676993793948249e-03
8.482647382779852308e+00 3.701163742060261698e-03
8.499612677545412609e+00 3.676546187901548208e-03
8.516611902900503850e+00 3.703735571100789156e-03
8.533645126706304040e+00 3.629675026465891286e-03
8.550712416959717288e+00 3.652111543205665764e-03
8.567813841793636698e+00 3.670745929530770061e-03
8.584949469477223261e+00 3.642644428089470126e-03
8.602119368416177636e+00 3.631403609503595226e-03
8.619323607153010158e+00 3.658133147788841105e-03
8.636562254367316172e+00 3.634193983872324295e-03
8.653835378876051365e+00 3.659388841253226766e-03
8.671143049633803557e+00 3.666832951410715045e-03
8.688485335733071580e+00 3.670283551272342324e-03
8.705862306404537065e+00 3.622970846795478018e-03
8.723274031017346886e+00 3.650424492372665412e-03
8.740720579079381380e+00 3.637876702581800854e-03
8.758202020237540353e+00 3.682831931425703618e-03
8.775718424278014851e+00 3.603269319088867398e-03
8.793269861126571385e+00 3.657153859270258905e-03
8.810856400848823711e+00 3.629419969934009459e-03
8.828478113650520598e+00 3.630752196573900498e-03
8.846135069877821167e+00 3.635627808005595808e-03
8.863827340017577328e+00 3.639486394596073201e-03
8.881554994697612671e+00 3.629509279999816249e-03
8.899318104687008457e+00 3.604955279866805910e-03
8.917116740896382510e+00 3.649997818059945182e-03
8.934950974378175204e+00 3.637032161813808992e-03
8.952820876326931909e+00 3.637738584910198570e-03
8.970726518079585432e+00 3.663814242123764661e-03
8.988667971115743782e+00 3.658062413684330400e-03
9.006645307057974392e+00 3.608937162147635592e-03
9.024658597672090110e+00 3.672924195069611226e-03
9.042707914867433416e+00 3.629156702077955370e-03
9.060793330697167747e+00 3.648364387452817086e-03
9.078914917358561709e+00 3.621472189938525123e-03
9.097072747193278630e+00 3.647517466638105187e-03
9.115266892687664324e+00 3.626308675161923727e-03
9.133497426473040193e+00 3.625033299878551406e-03
9.151764421325985666e+00 3.637038124435396438e-03
9.170067950168638404e+00 3.671334976507366777e-03
9.188408086068974967e+00 3.618422816573115593e-03
9.206784902241112789e+00 3.630956252021328573e-03
9.225198472045594400e+00 3.647083577581567825e-03
9.243648868989685852e+00 3.636423239516555200e-03
9.262136166727664488e+00 3.633587326665309574e-03
9.280660439061119149e+00 3.640879184656215743e-03
9.299221759939241494e+00 3.642423782256792430e-03
9.317820203459119099e+00 3.646628784492843799e-03
9.336455843866037441e+00 3.606557309195535313e-03
9.355128755553769437e+00 3.596700547662460071e-03
9.373839013064877435e+00 3.646145178810263413e-03
9.392586691091008078e+00 3.654572622739971598e-03
9.411371864473190740e+00 3.627161330904673294e-03
9.430194608202137729e+00 3.665387869131982949e-03
9.449054997418542712e+00 3.661129104207540980e-03
9.467953107413379144e+00 3.621944128436585357e-03
9.486889013628205802e+00 3.633594237835677775e-03
9.505862791655461663e+00 3.639137349679244082e-03
9.524874517238773208e+00 3.635238437666938986e-03
9.543924266273251078e+00 3.605907802190353416e-03
9.563012114805797381e+00 3.614333538964906081e-03
9.582138139035409452e+00 3.641043134769384945e-03
9.601302415313480054e+00 3.639922336717778088e-03
9.620505020144106467e+00 3.654506364713783987e-03
9.639746030184394243e+00 3.636095379499546150e-03
9.659025522244762740e+00 3.638731256470697194e-03
9.678343573289252433e+00 3.636393003258952053e-03
9.697700260435830444e+00 3.640878821824585117e-03
9.717095660956701408e+00 3.616717458337871758e-03
9.736529852278614783e+00 3.602768627574945686e-03
9.756002911983172154e+00 3.645540158411083795e-03
9.775514917807138104e+00 3.606336847454553064e-03
9.795065947642752846e+00 3.600443244069333800e-03
9.814656079538037758e+00 3.652211121143918941e-03
9.834285391697113354e+00 3.650877360586030941e-03
9.853953962480508366e+00 3.659505323595090356e-03
9.873661870405468832e+00 3.653459955064788500e-03
9.893409194146279617e+00 3.693833711223123463e-03
9.913196012534571722e+00 3.646914714239410469e-03
9.933022404559640250e+00 3.627102252378434227e-03
9.952888449368758828e+00 3.621633559135956689e-03
9.972794226267495787e+00 3.620017327866321011e-03
9.992739814720030367e+00 3.625855047940503440e-03
1.001272529434947067e+01 3.636680580166508359e-03
