0.5	2.43480E+00
0.5075	2.43468E+00
0.515	2.43453E+00
0.5225	2.43437E+00
0.53	2.43419E+00
0.5375	2.43400E+00
0.545	2.43378E+00
0.5525	2.43353E+00
0.56	2.43327E+00
0.5675	2.43301E+00
0.575	2.43278E+00
0.5825	2.43319E+00
0.59	2.43359E+00
0.5975	2.43179E+00
0.605	2.43078E+00
0.6125	2.42967E+00
0.62	2.42841E+00
0.6275	2.42699E+00
0.635	2.42527E+00
0.6425	2.42347E+00
0.65	2.42154E+00
0.6575	2.42063E+00
0.665	2.41967E+00
0.6725	2.41866E+00
0.68	2.41770E+00
0.6875	2.41721E+00
0.695	2.41755E+00
0.7025	2.41676E+00
0.71	2.41677E+00
0.7175	2.41864E+00
0.725	2.41816E+00
0.7325	2.41699E+00
0.74	2.41566E+00
0.7475	2.41442E+00
0.755	2.41324E+00
0.7625	2.41482E+00
0.77	2.41645E+00
0.7775	2.40878E+00
0.785	2.40648E+00
0.7925	2.40487E+00
0.8	2.40444E+00
0.8075	2.40638E+00
0.815	2.40798E+00
0.8225	2.40619E+00
0.83	2.40423E+00
0.8375	2.40275E+00
0.845	2.40083E+00
0.8525	2.39863E+00
0.86	2.39634E+00
0.8675	2.39452E+00
0.875	2.39295E+00
0.8825	2.39223E+00
0.89	2.39655E+00
0.8975	2.39931E+00
0.905	2.39713E+00
0.9125	2.39837E+00
0.92	2.40045E+00
0.9275	2.40707E+00
0.935	2.41088E+00
0.9425	2.40942E+00
0.95	2.40810E+00
0.9575	2.40821E+00
0.965	2.40726E+00
0.9725	2.40643E+00
0.98	2.40594E+00
0.9875	2.40385E+00
0.995	2.40151E+00
1.0025	2.39916E+00
1.01	2.39637E+00
1.0175	2.39348E+00
1.025	2.39050E+00
1.0325	2.38736E+00
1.04	2.38445E+00
1.0475	2.38259E+00
1.055	2.38102E+00
1.0625	2.38019E+00
1.07	2.38019E+00
1.0775	2.38052E+00
1.085	2.38372E+00
1.0925	2.39395E+00
1.1	2.39955E+00
1.1075	2.40142E+00
1.115	2.40436E+00
1.1225	2.40500E+00
1.13	2.40558E+00
1.1375	2.40628E+00
1.145	2.40560E+00
1.1525	2.40589E+00
1.16	2.40573E+00
1.1675	2.40533E+00
1.175	2.40474E+00
1.1825	2.40309E+00
1.19	2.40082E+00
1.1975	2.39829E+00
1.205	2.39637E+00
1.2125	2.39503E+00
1.22	2.39348E+00
1.2275	2.39191E+00
1.235	2.38967E+00
1.2425	2.38750E+00
1.25	2.38499E+00
1.2575	2.38369E+00
1.265	2.38352E+00
1.2725	2.38338E+00
1.28	2.38283E+00
1.2875	2.38415E+00
1.295	2.38486E+00
1.3025	2.38658E+00
1.31	2.38899E+00
1.3175	2.39151E+00
1.325	2.39539E+00
1.3325	2.40642E+00
1.34	2.41539E+00
1.3475	2.41738E+00
1.355	2.42101E+00
1.3625	2.42089E+00
1.37	2.42190E+00
1.3775	2.42217E+00
1.385	2.42052E+00
1.3925	2.42087E+00
1.4	2.42214E+00
1.4075	2.42343E+00
1.415	2.42458E+00
1.4225	2.42514E+00
1.43	2.42621E+00
1.4375	2.42479E+00
1.445	2.42375E+00
1.4525	2.42266E+00
1.46	2.42118E+00
1.4675	2.42123E+00
1.475	2.41957E+00
1.4825	2.41857E+00
1.49	2.41669E+00
1.4975	2.41498E+00
1.505	2.41381E+00
1.5125	2.41224E+00
1.52	2.41013E+00
1.5275	2.40903E+00
1.535	2.40795E+00
1.5425	2.40547E+00
1.55	2.40277E+00
1.5575	2.40222E+00
1.565	2.40294E+00
1.5725	2.40274E+00
1.58	2.40268E+00
1.5875	2.40164E+00
1.595	2.40049E+00
1.6025	2.39977E+00
1.61	2.40076E+00
1.6175	2.40145E+00
1.625	2.40219E+00
1.6325	2.40191E+00
1.64	2.40062E+00
1.6475	2.39897E+00
1.655	2.39802E+00
1.6625	2.39805E+00
1.67	2.39878E+00
1.6775	2.39684E+00
1.685	2.39534E+00
1.6925	2.39607E+00
1.7	2.39645E+00
1.7075	2.39620E+00
1.715	2.39852E+00
1.7225	2.39945E+00
1.73	2.40083E+00
1.7375	2.40185E+00
1.745	2.40270E+00
1.7525	2.40330E+00
1.76	2.40532E+00
1.7675	2.40770E+00
1.775	2.40999E+00
1.7825	2.41104E+00
1.79	2.41307E+00
1.7975	2.41340E+00
1.805	2.41611E+00
1.8125	2.41508E+00
1.82	2.41567E+00
1.8275	2.41649E+00
1.835	2.41775E+00
1.8425	2.41836E+00
1.85	2.42006E+00
1.8575	2.42196E+00
1.865	2.42242E+00
1.8725	2.42062E+00
1.88	2.41868E+00
1.8875	2.41715E+00
1.895	2.41737E+00
1.9025	2.41503E+00
1.91	2.41520E+00
1.9175	2.41637E+00
1.925	2.42071E+00
1.9325	2.42768E+00
1.94	2.43215E+00
1.9475	2.43211E+00
1.955	2.43321E+00
1.9625	2.43369E+00
1.97	2.43159E+00
1.9775	2.43005E+00
1.985	2.42804E+00
1.9925	2.42785E+00
2	2.43104E+00
2.0075	2.43299E+00
2.015	2.43539E+00
2.0225	2.43666E+00
2.03	2.43759E+00
2.0375	2.43706E+00
2.045	2.43612E+00
2.0525	2.43477E+00
2.06	2.43235E+00
2.0675	2.43059E+00
2.075	2.42875E+00
2.0825	2.42631E+00
2.09	2.42481E+00
2.0975	2.42409E+00
2.105	2.42253E+00
2.1125	2.42129E+00
2.12	2.42062E+00
2.1275	2.41915E+00
2.135	2.41785E+00
2.1425	2.41675E+00
2.15	2.41524E+00
2.1575	2.41374E+00
2.165	2.41221E+00
2.1725	2.41113E+00
2.18	2.41004E+00
2.1875	2.40943E+00
2.195	2.40988E+00
2.2025	2.41199E+00
2.21	2.41099E+00
2.2175	2.40970E+00
2.225	2.40931E+00
2.2325	2.40943E+00
2.24	2.41054E+00
2.2475	2.41105E+00
2.255	2.41138E+00
2.2625	2.41197E+00
2.27	2.41236E+00
2.2775	2.41328E+00
2.285	2.41431E+00
2.2925	2.41560E+00
2.3	2.41496E+00
2.3075	2.41223E+00
2.315	2.41384E+00
2.3225	2.41740E+00
2.33	2.41908E+00
2.3375	2.41983E+00
2.345	2.41915E+00
2.3525	2.41848E+00
2.36	2.41698E+00
2.3675	2.41726E+00
2.375	2.41973E+00
2.3825	2.42025E+00
2.39	2.41817E+00
2.3975	2.41675E+00
2.405	2.41733E+00
2.4125	2.41790E+00
2.42	2.41799E+00
2.4275	2.41874E+00
2.435	2.41996E+00
2.4425	2.42037E+00
2.45	2.42197E+00
2.4575	2.42012E+00
2.465	2.42118E+00
2.4725	2.42265E+00
2.48	2.42372E+00
2.4875	2.42382E+00
2.495	2.42405E+00
2.5025	2.42490E+00
2.51	2.42725E+00
2.5175	2.42783E+00
2.525	2.42794E+00
2.5325	2.42685E+00
2.54	2.42971E+00
2.5475	2.43000E+00
2.555	2.42903E+00
2.5625	2.43390E+00
2.57	2.43178E+00
2.5775	2.43244E+00
2.585	2.43213E+00
2.5925	2.43273E+00
2.6	2.43171E+00
2.6075	2.43090E+00
2.615	2.43175E+00
2.6225	2.43164E+00
2.63	2.43342E+00
2.6375	2.43158E+00
2.645	2.43681E+00
2.6525	2.44915E+00
2.66	2.46000E+00
2.6675	2.46769E+00
2.675	2.47188E+00
2.6825	2.47260E+00
2.69	2.47584E+00
2.6975	2.47645E+00
2.705	2.47704E+00
2.7125	2.47625E+00
2.72	2.47580E+00
2.7275	2.47520E+00
2.735	2.47509E+00
2.7425	2.47377E+00
2.75	2.47081E+00
2.7575	2.47142E+00
2.765	2.46968E+00
2.7725	2.46856E+00
2.78	2.46878E+00
2.7875	2.46930E+00
2.795	2.46728E+00
2.8025	2.46898E+00
2.81	2.46860E+00
2.8175	2.46927E+00
2.825	2.46932E+00
2.8325	2.46985E+00
2.84	2.47020E+00
2.8475	2.46908E+00
2.855	2.46948E+00
2.8625	2.46840E+00
2.87	2.46830E+00
2.8775	2.46616E+00
2.885	2.46510E+00
2.8925	2.46400E+00
2.9	2.46243E+00
2.9075	2.46247E+00
2.915	2.45851E+00
2.9225	2.45825E+00
2.93	2.45540E+00
2.9375	2.45181E+00
2.945	2.45312E+00
2.9525	2.44973E+00
2.96	2.44717E+00
2.9675	2.44676E+00
2.975	2.44374E+00
2.9825	2.44183E+00
2.99	2.44111E+00
2.9975	2.43724E+00
3.005	2.43884E+00
3.0125	2.43658E+00
3.02	2.43469E+00
3.0275	2.43463E+00
3.035	2.43419E+00
3.0425	2.43329E+00
3.05	2.43527E+00
3.0575	2.43218E+00
3.065	2.43211E+00
3.0725	2.43413E+00
3.08	2.43329E+00
3.0875	2.43442E+00
3.095	2.43637E+00
3.1025	2.43446E+00
3.11	2.43740E+00
3.1175	2.43666E+00
3.125	2.43665E+00
3.1325	2.43821E+00
3.14	2.43936E+00
3.1475	2.44003E+00
3.155	2.43941E+00
3.1625	2.43902E+00
3.17	2.44114E+00
3.1775	2.44074E+00
3.185	2.44025E+00
3.1925	2.44128E+00
3.2	2.44189E+00
3.2075	2.43982E+00
3.215	2.43968E+00
3.2225	2.43918E+00
3.23	2.43798E+00
3.2375	2.43757E+00
3.245	2.43717E+00
3.2525	2.43477E+00
3.26	2.43346E+00
3.2675	2.43334E+00
3.275	2.43209E+00
3.2825	2.43180E+00
3.29	2.43111E+00
3.2975	2.43241E+00
3.305	2.43425E+00
3.3125	2.44247E+00
3.32	2.45207E+00
3.3275	2.45616E+00
3.335	2.45412E+00
3.3425	2.45127E+00
3.35	2.44650E+00
3.3575	2.44239E+00
3.365	2.43829E+00
3.3725	2.43537E+00
3.38	2.43476E+00
3.3875	2.43302E+00
3.395	2.43277E+00
3.4025	2.43337E+00
3.41	2.43359E+00
3.4175	2.43495E+00
3.425	2.43461E+00
3.4325	2.43553E+00
3.44	2.43654E+00
3.4475	2.43457E+00
3.455	2.43561E+00
3.4625	2.43422E+00
3.47	2.43322E+00
3.4775	2.43407E+00
3.485	2.43315E+00
3.4925	2.43427E+00
3.5	2.43229E+00
3.5075	2.43171E+00
3.515	2.43212E+00
3.5225	2.43145E+00
3.53	2.43137E+00
3.5375	2.43108E+00
3.545	2.43219E+00
3.5525	2.42939E+00
3.56	2.43047E+00
3.5675	2.42898E+00
3.575	2.42835E+00
3.5825	2.42769E+00
3.59	2.42564E+00
3.5975	2.42589E+00
3.605	2.42495E+00
3.6125	2.42381E+00
3.62	2.42319E+00
3.6275	2.42200E+00
3.635	2.42149E+00
3.6425	2.42029E+00
3.65	2.41968E+00
3.6575	2.41926E+00
3.665	2.41796E+00
3.6725	2.41717E+00
3.68	2.41618E+00
3.6875	2.41548E+00
3.695	2.41409E+00
3.7025	2.41402E+00
3.71	2.41294E+00
3.7175	2.41169E+00
3.725	2.41150E+00
3.7325	2.41146E+00
3.74	2.41026E+00
3.7475	2.41005E+00
3.755	2.40863E+00
3.7625	2.40871E+00
3.77	2.40814E+00
3.7775	2.40714E+00
3.785	2.40709E+00
3.7925	2.40677E+00
3.8	2.40589E+00
3.8075	2.40549E+00
3.815	2.40467E+00
3.8225	2.40503E+00
3.83	2.40411E+00
3.8375	2.40376E+00
3.845	2.40334E+00
3.8525	2.40202E+00
3.86	2.40137E+00
3.8675	2.40090E+00
3.875	2.40055E+00
3.8825	2.40044E+00
3.89	2.40097E+00
3.8975	2.39989E+00
3.905	2.39972E+00
3.9125	2.40001E+00
3.92	2.39850E+00
3.9275	2.39876E+00
3.935	2.39817E+00
3.9425	2.39835E+00
3.95	2.39837E+00
3.9575	2.39781E+00
3.965	2.39760E+00
3.9725	2.39885E+00
3.98	2.39885E+00
3.9875	2.39799E+00
3.995	2.39858E+00
4.0025	2.40010E+00
4.01	2.39957E+00
4.0175	2.39974E+00
4.025	2.40123E+00
4.0325	2.40186E+00
4.04	2.40161E+00
4.0475	2.40324E+00
4.055	2.40441E+00
4.0625	2.40616E+00
4.07	2.40458E+00
4.0775	2.40744E+00
4.085	2.40692E+00
4.0925	2.40753E+00
4.1	2.40844E+00
4.1075	2.40776E+00
4.115	2.40853E+00
4.1225	2.40959E+00
4.13	2.41046E+00
4.1375	2.41059E+00
4.145	2.40945E+00
4.1525	2.41070E+00
4.16	2.41228E+00
4.1675	2.41834E+00
4.175	2.43520E+00
4.1825	2.43243E+00
4.19	2.44440E+00
4.1975	2.44881E+00
4.205	2.45084E+00
4.2125	2.46529E+00
4.22	2.46572E+00
4.2275	2.46693E+00
4.235	2.47814E+00
4.2425	2.48150E+00
4.25	2.48392E+00
4.2575	2.48899E+00
4.265	2.49193E+00
4.2725	2.49484E+00
4.28	2.49692E+00
4.2875	2.50033E+00
4.295	2.50211E+00
4.3025	2.50334E+00
4.31	2.50448E+00
4.3175	2.50533E+00
4.325	2.50789E+00
4.3325	2.50691E+00
4.34	2.50691E+00
4.3475	2.50778E+00
4.355	2.50824E+00
4.3625	2.50671E+00
4.37	2.50765E+00
4.3775	2.50763E+00
4.385	2.50689E+00
4.3925	2.50689E+00
4.4	2.50775E+00
4.4075	2.50561E+00
4.415	2.50621E+00
4.4225	2.50641E+00
4.43	2.50587E+00
4.4375	2.50525E+00
4.445	2.50447E+00
4.4525	2.50436E+00
4.46	2.50358E+00
4.4675	2.50325E+00
4.475	2.50268E+00
4.4825	2.50124E+00
4.49	2.50116E+00
4.4975	2.50053E+00
4.505	2.49945E+00
4.5125	2.49899E+00
4.52	2.49763E+00
4.5275	2.49712E+00
4.535	2.49497E+00
4.5425	2.49349E+00
4.55	2.49271E+00
4.5575	2.49102E+00
4.565	2.48915E+00
4.5725	2.48771E+00
4.58	2.48579E+00
4.5875	2.48375E+00
4.595	2.48216E+00
4.6025	2.47999E+00
4.61	2.47775E+00
4.6175	2.47600E+00
4.625	2.47410E+00
4.6325	2.47193E+00
4.64	2.46959E+00
4.6475	2.46805E+00
4.655	2.46622E+00
4.6625	2.46387E+00
4.67	2.46206E+00
4.6775	2.46038E+00
4.685	2.45822E+00
4.6925	2.45766E+00
4.7	2.45617E+00
4.7075	2.45459E+00
4.715	2.45353E+00
4.7225	2.45169E+00
4.73	2.45001E+00
4.7375	2.44951E+00
4.745	2.44926E+00
4.7525	2.44900E+00
4.76	2.44749E+00
4.7675	2.44728E+00
4.775	2.44995E+00
4.7825	2.44779E+00
4.79	2.44578E+00
4.7975	2.44460E+00
4.805	2.44362E+00
4.8125	2.44511E+00
4.82	2.44412E+00
4.8275	2.44067E+00
4.835	2.44095E+00
4.8425	2.44068E+00
4.85	2.43846E+00
4.8575	2.43937E+00
4.865	2.43911E+00
4.8725	2.43782E+00
4.88	2.43580E+00
4.8875	2.43572E+00
4.895	2.43650E+00
4.9025	2.43669E+00
4.91	2.43329E+00
4.9175	2.43149E+00
4.925	2.43151E+00
4.9325	2.43183E+00
4.94	2.43147E+00
4.9475	2.43032E+00
4.955	2.43159E+00
4.9625	2.43095E+00
4.97	2.43029E+00
4.9775	2.42672E+00
4.985	2.42745E+00
4.9925	2.42708E+00
5	2.42762E+00
5.0075	2.42419E+00
5.015	2.42929E+00
5.0225	2.42925E+00
5.03	2.42526E+00
5.0375	2.42277E+00
5.045	2.42420E+00
5.0525	2.42472E+00
5.06	2.42617E+00
5.0675	2.42310E+00
5.075	2.42426E+00
5.0825	2.42632E+00
5.09	2.42128E+00
5.0975	2.42155E+00
5.105	2.42353E+00
5.1125	2.42797E+00
5.12	2.42195E+00
5.1275	2.42536E+00
5.135	2.42443E+00
5.1425	2.42790E+00
5.15	2.42417E+00
5.1575	2.42221E+00
5.165	2.42509E+00
5.1725	2.42620E+00
5.18	2.42243E+00
5.1875	2.42256E+00
5.195	2.42375E+00
5.2025	2.42569E+00
5.21	2.42623E+00
5.2175	2.42597E+00
5.225	2.42546E+00
5.2325	2.41939E+00
5.24	2.42718E+00
5.2475	2.42430E+00
5.255	2.42234E+00
5.2625	2.42140E+00
5.27	2.42363E+00
5.2775	2.43140E+00
5.285	2.42653E+00
5.2925	2.42586E+00
5.3	2.42101E+00
5.3075	2.42413E+00
5.315	2.42325E+00
5.3225	2.42455E+00
5.33	2.42144E+00
5.3375	2.42440E+00
5.345	2.42804E+00
5.3525	2.42678E+00
5.36	2.42440E+00
5.3675	2.42508E+00
5.375	2.42379E+00
5.3825	2.42219E+00
5.39	2.42872E+00
5.3975	2.42230E+00
5.405	2.42565E+00
5.4125	2.42770E+00
5.42	2.43071E+00
5.4275	2.42697E+00
5.435	2.42600E+00
5.4425	2.42259E+00
5.45	2.42465E+00
5.4575	2.42655E+00
5.465	2.42941E+00
5.4725	2.42379E+00
5.48	2.42445E+00
5.4875	2.42499E+00
5.495	2.42348E+00
5.5025	2.42060E+00
5.51	2.42377E+00
5.5175	2.42681E+00
5.525	2.43182E+00
5.5325	2.42687E+00
5.54	2.42490E+00
5.5475	2.42603E+00
5.555	2.42742E+00
5.5625	2.42663E+00
5.57	2.42670E+00
5.5775	2.42561E+00
5.585	2.42517E+00
5.5925	2.42137E+00
5.6	2.42291E+00
5.6075	2.42321E+00
5.615	2.42653E+00
5.6225	2.42608E+00
5.63	2.42294E+00
5.6375	2.42000E+00
5.645	2.42429E+00
5.6525	2.42690E+00
5.66	2.42446E+00
5.6675	2.42472E+00
5.675	2.42352E+00
5.6825	2.42596E+00
5.69	2.42449E+00
5.6975	2.42156E+00
5.705	2.42252E+00
5.7125	2.42680E+00
5.72	2.42724E+00
5.7275	2.42510E+00
5.735	2.42682E+00
5.7425	2.42117E+00
5.75	2.41862E+00
5.7575	2.41852E+00
5.765	2.42808E+00
5.7725	2.42340E+00
5.78	2.42784E+00
5.7875	2.42172E+00
5.795	2.42310E+00
5.8025	2.42250E+00
5.81	2.42048E+00
5.8175	2.42422E+00
5.825	2.42665E+00
5.8325	2.42887E+00
5.84	2.42835E+00
5.8475	2.42657E+00
5.855	2.42368E+00
5.8625	2.42434E+00
5.87	2.42283E+00
5.8775	2.42461E+00
5.885	2.42496E+00
5.8925	2.42309E+00
5.9	2.42661E+00
5.9075	2.42327E+00
5.915	2.41960E+00
5.9225	2.41876E+00
5.93	2.42019E+00
5.9375	2.42553E+00
5.945	2.42565E+00
5.9525	2.42559E+00
5.96	2.41846E+00
5.9675	2.42347E+00
5.975	2.42231E+00
5.9825	2.42148E+00
5.99	2.42454E+00
5.9975	2.41963E+00
6.005	2.41793E+00
6.0125	2.42089E+00
6.02	2.42227E+00
6.0275	2.42406E+00
6.035	2.42313E+00
6.0425	2.42539E+00
6.05	2.43115E+00
6.0575	2.41860E+00
6.065	2.41374E+00
6.0725	2.41170E+00
6.08	2.41040E+00
6.0875	2.41049E+00
6.095	2.41185E+00
6.1025	2.42019E+00
6.11	2.42203E+00
6.1175	2.42680E+00
6.125	2.41694E+00
6.1325	2.41361E+00
6.14	2.41591E+00
6.1475	2.41976E+00
6.155	2.42216E+00
6.1625	2.41905E+00
6.17	2.42205E+00
6.1775	2.41914E+00
6.185	2.41936E+00
6.1925	2.41807E+00
6.2	2.41824E+00
6.2075	2.41779E+00
6.215	2.41800E+00
6.2225	2.41854E+00
6.23	2.41450E+00
6.2375	2.42048E+00
6.245	2.42168E+00
6.2525	2.41516E+00
6.26	2.41950E+00
6.2675	2.41955E+00
6.275	2.41724E+00
6.2825	2.41659E+00
6.29	2.41833E+00
6.2975	2.41822E+00
6.305	2.41666E+00
6.3125	2.41702E+00
6.32	2.41754E+00
6.3275	2.41681E+00
6.335	2.41744E+00
6.3425	2.42133E+00
6.35	2.41928E+00
6.3575	2.41939E+00
6.365	2.41635E+00
6.3725	2.41985E+00
6.38	2.41956E+00
6.3875	2.42229E+00
6.395	2.41636E+00
6.4025	2.41981E+00
6.41	2.42803E+00
6.4175	2.42731E+00
6.425	2.42187E+00
6.4325	2.42525E+00
6.44	2.42248E+00
6.4475	2.42407E+00
6.455	2.42683E+00
6.4625	2.42219E+00
6.47	2.43254E+00
6.4775	2.43363E+00
6.485	2.43225E+00
6.4925	2.42893E+00
6.5	2.43012E+00
6.5075	2.42632E+00
6.515	2.42772E+00
6.5225	2.42655E+00
6.53	2.42851E+00
6.5375	2.42451E+00
6.545	2.42565E+00
6.5525	2.42637E+00
6.56	2.43004E+00
6.5675	2.42874E+00
6.575	2.42597E+00
6.5825	2.42384E+00
6.59	2.43355E+00
6.5975	2.44013E+00
6.605	2.42467E+00
6.6125	2.43004E+00
6.62	2.43742E+00
6.6275	2.43806E+00
6.635	2.44093E+00
6.6425	2.43098E+00
6.65	2.42446E+00
6.6575	2.43234E+00
6.665	2.42802E+00
6.6725	2.42975E+00
6.68	2.42641E+00
6.6875	2.43650E+00
6.695	2.43045E+00
6.7025	2.42317E+00
6.71	2.42562E+00
6.7175	2.42720E+00
6.725	2.42767E+00
6.7325	2.42485E+00
6.74	2.42235E+00
6.7475	2.43008E+00
6.755	2.42849E+00
6.7625	2.42761E+00
6.77	2.43271E+00
6.7775	2.42876E+00
6.785	2.42980E+00
6.7925	2.42991E+00
6.8	2.42962E+00
6.8075	2.42747E+00
6.815	2.43418E+00
6.8225	2.43339E+00
6.83	2.43295E+00
6.8375	2.43430E+00
6.845	2.42602E+00
6.8525	2.43208E+00
6.86	2.43018E+00
6.8675	2.43155E+00
6.875	2.42994E+00
6.8825	2.43060E+00
6.89	2.42751E+00
6.8975	2.42469E+00
6.905	2.42740E+00
6.9125	2.42775E+00
6.92	2.42947E+00
6.9275	2.42757E+00
6.935	2.42773E+00
6.9425	2.42499E+00
6.95	2.42619E+00
6.9575	2.43588E+00
6.965	2.43034E+00
6.9725	2.42642E+00
6.98	2.42602E+00
6.9875	2.42524E+00
6.995	2.42544E+00
7.0025	2.42977E+00
7.01	2.43348E+00
7.0175	2.43268E+00
7.025	2.43427E+00
7.0325	2.42788E+00
7.04	2.42870E+00
7.0475	2.43290E+00
7.055	2.43601E+00
7.0625	2.42950E+00
7.07	2.43148E+00
7.0775	2.43402E+00
7.085	2.43319E+00
7.0925	2.43254E+00
7.1	2.43282E+00
7.1075	2.43607E+00
7.115	2.43612E+00
7.1225	2.43417E+00
7.13	2.43435E+00
7.1375	2.43488E+00
7.145	2.43514E+00
7.1525	2.43872E+00
7.16	2.43325E+00
7.1675	2.43340E+00
7.175	2.43879E+00
7.1825	2.43270E+00
7.19	2.43576E+00
7.1975	2.43582E+00
7.205	2.44204E+00
7.2125	2.43777E+00
7.22	2.43761E+00
7.2275	2.43845E+00
7.235	2.43791E+00
7.2425	2.43994E+00
7.25	2.43929E+00
7.2575	2.44408E+00
7.265	2.44016E+00
7.2725	2.44132E+00
7.28	2.44100E+00
7.2875	2.44016E+00
7.295	2.44270E+00
7.3025	2.44391E+00
7.31	2.44039E+00
7.3175	2.43847E+00
7.325	2.44169E+00
7.3325	2.44663E+00
7.34	2.44935E+00
7.3475	2.44290E+00
7.355	2.44101E+00
7.3625	2.44232E+00
7.37	2.44381E+00
7.3775	2.44411E+00
7.385	2.44301E+00
7.3925	2.44172E+00
7.4	2.44163E+00
7.4075	2.44259E+00
7.415	2.44271E+00
7.4225	2.44287E+00
7.43	2.44295E+00
7.4375	2.44433E+00
7.445	2.44005E+00
7.4525	2.43937E+00
7.46	2.44335E+00
7.4675	2.44390E+00
7.475	2.44209E+00
7.4825	2.43828E+00
7.49	2.43851E+00
7.4975	2.43963E+00
7.505	2.43928E+00
7.5125	2.43617E+00
7.52	2.43756E+00
7.5275	2.43817E+00
7.535	2.44070E+00
7.5425	2.43699E+00
7.55	2.43537E+00
7.5575	2.43358E+00
7.565	2.43332E+00
7.5725	2.43545E+00
7.58	2.43737E+00
7.5875	2.43680E+00
7.595	2.43690E+00
7.6025	2.43912E+00
7.61	2.43642E+00
7.6175	2.43650E+00
7.625	2.43230E+00
7.6325	2.43181E+00
7.64	2.43152E+00
7.6475	2.42983E+00
7.655	2.43752E+00
7.6625	2.44413E+00
7.67	2.44132E+00
7.6775	2.43917E+00
7.685	2.44205E+00
7.6925	2.44460E+00
7.7	2.44592E+00
7.7075	2.44604E+00
7.715	2.44644E+00
7.7225	2.44573E+00
7.73	2.44681E+00
7.7375	2.45003E+00
7.745	2.45287E+00
7.7525	2.44777E+00
7.76	2.44812E+00
7.7675	2.44811E+00
7.775	2.44799E+00
7.7825	2.44658E+00
7.79	2.44670E+00
7.7975	2.44697E+00
7.805	2.45101E+00
7.8125	2.44859E+00
7.82	2.44521E+00
7.8275	2.44558E+00
7.835	2.44555E+00
7.8425	2.44124E+00
7.85	2.44162E+00
7.8575	2.44637E+00
7.865	2.44603E+00
7.8725	2.44365E+00
7.88	2.44228E+00
7.8875	2.44584E+00
7.895	2.44645E+00
7.9025	2.44410E+00
7.91	2.44464E+00
7.9175	2.44185E+00
7.925	2.44124E+00
7.9325	2.43739E+00
7.94	2.43715E+00
7.9475	2.43732E+00
7.955	2.43795E+00
7.9625	2.44156E+00
7.97	2.43712E+00
7.9775	2.44118E+00
7.985	2.44140E+00
7.9925	2.43644E+00
8	2.43441E+00