5.000000000000000000e-01 1.477185907061388283e-02
5.010000000000000009e-01 1.471162004622796234e-02
5.020019999999999483e-01 1.487684035099423423e-02
5.030060039999999510e-01 1.476204308711740257e-02
5.040120160079999412e-01 1.459927995527823472e-02
5.050200400400159939e-01 1.476522372633189313e-02
5.060300801200959819e-01 1.457897898990576264e-02
5.070421402803362287e-01 1.460733630549643398e-02
5.080562245608969407e-01 1.395525697007753488e-02
5.090723370100187495e-01 1.423688272279719814e-02
5.100904816840388101e-01 1.425188407841571428e-02
5.111106626474068992e-01 1.446570179896306506e-02
5.121328839727017357e-01 1.412984420494327320e-02
5.131571497406471893e-01 1.431224346709219705e-02
5.141834640401284906e-01 1.450503431557156366e-02
5.152118309682087727e-01 1.410995150567309793e-02
5.162422546301451698e-01 1.405092988082203183e-02
5.172747391394054706e-01 1.501656040754655030e-02
5.183092886176843272e-01 1.495851503481918782e-02
5.193459071949196870e-01 1.508403942032316217e-02
5.203845990093095564e-01 1.409614380920156188e-02
5.214253682073282103e-01 1.489037426420104261e-02
5.224682189437428459e-01 1.422492715276678366e-02
5.235131553816303462e-01 1.467270355123477012e-02
5.245601816923936012e-01 1.464073187600381694e-02
5.256093020557783824e-01 1.468941580980627666e-02
5.266605206598898858e-01 1.456045416297074672e-02
5.277138417012097182e-01 1.471748891322525662e-02
5.287692693846121061e-01 1.447826195497165479e-02
5.298268079233813266e-01 1.444204425139939546e-02
5.308864615392281383e-01 1.454839656887640421e-02
5.319482344623065462e-01 1.441696880369437717e-02
5.330121309312311206e-01 1.444230743122961770e-02
5.340781551930935400e-01 1.433566402714929640e-02
5.351463115034796880e-01 1.434209428773404113e-02
5.362166041264866401e-01 1.451424738928766729e-02
5.372890373347396498e-01 1.425565642275380615e-02
5.383636154094091353e-01 1.437120823463475076e-02
5.394403426402279988e-01 1.434610686697066449e-02
5.405192233255085021e-01 1.437405908377185210e-02
5.416002617721594747e-01 1.432251847889255865e-02
5.426834622957037446e-01 1.431221035772781668e-02
5.437688292202951246e-01 1.425355922578636428e-02
5.448563668787357317e-01 1.428879009384325174e-02
5.459460796124931958e-01 1.466174014065273201e-02
5.470379717717182011e-01 1.463854321874432339e-02
5.481320477152615833e-01 1.466216913173548110e-02
5.492283118106920936e-01 1.446709145228928205e-02
5.503267684343134958e-01 1.467727419843458531e-02
5.514274219711821079e-01 1.469567762567679410e-02
5.525302768151244548e-01 1.462721634033677283e-02
5.536353373687546986e-01 1.449395190893870006e-02
5.547426080434921802e-01 1.446473987584753242e-02
5.558520932595791830e-01 1.448726057801279915e-02
5.569637974460983632e-01 1.448788875189299663e-02
5.580777250409905132e-01 1.447547134562335476e-02
5.591938804910725480e-01 1.452753955342136680e-02
5.603122682520547126e-01 1.463279804601979456e-02
5.614328927885587905e-01 1.461905882459911890e-02
5.625557585741358668e-01 1.457508359856991668e-02
5.636808700912840919e-01 1.464356039090024611e-02
5.648082318314666672e-01 1.467940675483757687e-02
5.659378482951296085e-01 1.457653065551585934e-02
5.670697239917198429e-01 1.461522052706436953e-02
5.682038634397033050e-01 1.460896357645233290e-02
5.693402711665827010e-01 1.454111101747375748e-02
5.704789517089158268e-01 1.452821890344032502e-02
5.716199096123336654e-01 1.451540482183266353e-02
5.727631494315583716e-01 1.449118004886693241e-02
5.739086757304214803e-01 1.476368214154511263e-02
5.750564930818823361e-01 1.449778047521339298e-02
5.762066060680460788e-01 1.460048717261854673e-02
5.773590192801821841e-01 1.457222551154846099e-02
5.785137373187425602e-01 1.438359888520636745e-02
5.796707647933800889e-01 1.441871972243953699e-02
5.808301063229668326e-01 1.450779144821714994e-02
5.819917665356127978e-01 1.452913999234032617e-02
5.831557500686840312e-01 1.449675261579886319e-02
5.843220615688213826e-01 1.447911369543584265e-02
5.854907056919590458e-01 1.472414927140932792e-02
5.866616871033429881e-01 1.468907749179919515e-02
5.878350104775497131e-01 1.477793412504573717e-02
5.890106804985048017e-01 1.470611051997819385e-02
5.901887018595017853e-01 1.478682579537086636e-02
5.913690792632207982e-01 1.476247174779980915e-02
5.925518174217472289e-01 1.478882186146519839e-02
5.937369210565907052e-01 1.470347770959329683e-02
5.949243948987038566e-01 1.475866558321434034e-02
5.961142436885012996e-01 1.475450512550297195e-02
5.973064721758782891e-01 1.469658420003813054e-02
5.985010851202300364e-01 1.463441679448795538e-02
5.996980872904704718e-01 1.458008733904663998e-02
6.008974834650514518e-01 1.463850318239526271e-02
6.020992784319815216e-01 1.455343128626210118e-02
6.033034769888454552e-01 1.453040037938067679e-02
6.045100839428231287e-01 1.458192321908913409e-02
6.057191041107087282e-01 1.447324833273372531e-02
6.069305423189301774e-01 1.447978147739437289e-02
6.081444034035680124e-01 1.440253448989937783e-02
6.093606922103751433e-01 1.444657844498966823e-02
6.105794135947958390e-01 1.447612386426420580e-02
6.118005724219853780e-01 1.435069466035001143e-02
6.130241735668293668e-01 1.436068292215405585e-02
6.142502219139630570e-01 1.444313722516041287e-02
6.154787223577909971e-01 1.448648244627294933e-02
6.167096798025065718e-01 1.475278599194856065e-02
6.179430991621115421e-01 1.475281998719575084e-02
6.191789853604358074e-01 1.486318166970936744e-02
6.204173433311567232e-01 1.482699334999586574e-02
6.216581780178190852e-01 1.494940511531281900e-02
6.229014943738546695e-01 1.488827270604593279e-02
6.241472973626023268e-01 1.486772410341474088e-02
6.253955919573275235e-01 1.472914649084348937e-02
6.266463831412422136e-01 1.474515391100232956e-02
6.278996759075247125e-01 1.468308632615233922e-02
6.291554752593397914e-01 1.460232139956071755e-02
6.304137862098584399e-01 1.464994927444838481e-02
6.316746137822781826e-01 1.459984096040242360e-02
6.329379630098427301e-01 1.461293674427333912e-02
6.342038389358624073e-01 1.454545295139927745e-02
6.354722466137341375e-01 1.458088985749231119e-02
6.367431911069616479e-01 1.469554270095063675e-02
6.380166774891755654e-01 1.457557904935242316e-02
6.392927108441539552e-01 1.456980164956157495e-02
6.405712962658423049e-01 1.435299558734782176e-02
6.418524388583739526e-01 1.459940871918928400e-02
6.431361437360907374e-01 1.463955779595566692e-02
6.444224160235628718e-01 1.451066605696083554e-02
6.457112608556100364e-01 1.447595120174864809e-02
6.470026833773212527e-01 1.439642758609566489e-02
6.482966887440758663e-01 1.456447893791071313e-02
6.495932821215639752e-01 1.466870247992587382e-02
6.508924686858070796e-01 1.457837951719590831e-02
6.521942536231787324e-01 1.455720625382878573e-02
6.534986421304250781e-01 1.455305851299429180e-02
6.548056394146859471e-01 1.446555443837161184e-02
6.561152506935152839e-01 1.447740359076771059e-02
6.574274811949023523e-01 1.458496276435660051e-02
6.587423361572921632e-01 1.447263425047939575e-02
6.600598208296067915e-01 1.453809865462114825e-02
6.613799404712660257e-01 1.448138909843196993e-02
6.627027003522085735e-01 1.453691595635298560e-02
6.640281057529130448e-01 1.455599067996251120e-02
6.653561619644188241e-01 1.496521704406964665e-02
6.666868742883476084e-01 1.471517790821925270e-02
6.680202480369242801e-01 1.475045299118275637e-02
6.693562885329981116e-01 1.487797912229590382e-02
6.706950011100640818e-01 1.464928568182391304e-02
6.720363911122841927e-01 1.489080948832227115e-02
6.733804638945087850e-01 1.487820106366658825e-02
6.747272248222978552e-01 1.478729543204371222e-02
6.760766792719424823e-01 1.481394913089958271e-02
6.774288326304863661e-01 1.475637141272209164e-02
6.787836902957473662e-01 1.487927640578422424e-02
6.801412576763388174e-01 1.470287373469661429e-02
6.815015401916915128e-01 1.470090070736034156e-02
6.828645432720749087e-01 1.460872519587059354e-02
6.842302723586191071e-01 1.458124198398621542e-02
6.855987329033363942e-01 1.469010726324914730e-02
6.869699303691431114e-01 1.463136004682452987e-02
6.883438702298814160e-01 1.463750327578779327e-02
6.897205579703411527e-01 1.461386311382882434e-02
6.910999990862818354e-01 1.455370714351068677e-02
6.924821990844544084e-01 1.451125584593990908e-02
6.938671634826233392e-01 1.451731558273617641e-02
6.952548978095886012e-01 1.446235006065415760e-02
6.966454076052077671e-01 1.448471995155976508e-02
6.980386984204182133e-01 1.451094304667447515e-02
6.994347758172591023e-01 1.442421905848367651e-02
7.008336453688935874e-01 1.441671694812653864e-02
7.022353126596313500e-01 1.444543873188077268e-02
7.036397832849505818e-01 1.441091766303155032e-02
7.050470628515205229e-01 1.431231927548886826e-02
7.064571569772235549e-01 1.482785082229894254e-02
7.078700712911779602e-01 1.491066391751515001e-02
7.092858114337603492e-01 1.487623967508678799e-02
7.107043830566278642e-01 1.488139222910055300e-02
7.121257918227411610e-01 1.491772211483123091e-02
7.135500434063866138e-01 1.509251173136288288e-02
7.149771434931994074e-01 1.495441013313532873e-02
7.164070977801858531e-01 1.492807085341923620e-02
7.178399119757462588e-01 1.495417728465859956e-02
7.192755917996977999e-01 1.466223659358598629e-02
7.207141429832971680e-01 1.472524059134970760e-02
7.221555712692637741e-01 1.481073994241212562e-02
7.235998824118022865e-01 1.479265282451518691e-02
7.250470821766259455e-01 1.454383328358246213e-02
7.264971763409792116e-01 1.453776649942644349e-02
7.279501706936611916e-01 1.464388161917229599e-02
7.294060710350485088e-01 1.439479326677706346e-02
7.308648831771186183e-01 1.431415930007696319e-02
7.323266129434728988e-01 1.441108552923424033e-02
7.337912661693598571e-01 1.443570085916039657e-02
7.352588487016985530e-01 1.438858956624321402e-02
7.367293663991019148e-01 1.424942838356713787e-02
7.382028251319001644e-01 1.452836033472444666e-02
7.396792307821639101e-01 1.450232208834804394e-02
7.411585892437282386e-01 1.429609157814232430e-02
7.426409064222156964e-01 1.445582178168010323e-02
7.441261882350601597e-01 1.442309086859481192e-02
7.456144406115302603e-01 1.452902592165281233e-02
7.471056694927533659e-01 1.439460071213137342e-02
7.485998808317388953e-01 1.437648815776607081e-02
7.500970805934024099e-01 1.453436175738262275e-02
7.515972747545892618e-01 1.439134283954203626e-02
7.531004693040984632e-01 1.442689070764168607e-02
7.546066702427066675e-01 1.433943393876596119e-02
7.561158835831920388e-01 1.435191235841955237e-02
7.576281153503584553e-01 1.435608163715180151e-02
7.591433715810591565e-01 1.469739662300763652e-02
7.606616583242212792e-01 1.448521050393201774e-02
7.621829816408697278e-01 1.442552756888946033e-02
7.637073476041514875e-01 1.456426517048598976e-02
7.652347622993598275e-01 1.435424739650600565e-02
7.667652318239585041e-01 1.452468265185390649e-02
7.682987622876064071e-01 1.457898520662792574e-02
7.698353598121816521e-01 1.450914568168994861e-02
7.713750305318060052e-01 1.465630550815581225e-02
7.729177805928696410e-01 1.448798409719579718e-02
7.744636161540553454e-01 1.447094088240541768e-02
7.760125433863634958e-01 1.458553285069368044e-02
7.775645684731362639e-01 1.451827633669203893e-02
7.791196976100824845e-01 1.452223385527798977e-02
7.806779370053026357e-01 1.443357152820352873e-02
7.822392928793132638e-01 1.444600004654734114e-02
7.838037714650718524e-01 1.448354096097872155e-02
7.853713790080020241e-01 1.449923494589844437e-02
7.869421217660180767e-01 1.470779443034488272e-02
7.885160060095500745e-01 1.459148041565112852e-02
7.900930380215691606e-01 1.476765801736604038e-02
7.916732240976123158e-01 1.445953963177612316e-02
7.932565705458075600e-01 1.465510622276848703e-02
7.948430836868991545e-01 1.437476007861234958e-02
7.964327698542729150e-01 1.473007669961471852e-02
7.980256353939814140e-01 1.476434245992185902e-02
7.996216866647694044e-01 1.462539745548920543e-02
8.012209300380989108e-01 1.471421702049174364e-02
8.028233718981750977e-01 1.447111875003790141e-02
8.044290186419714717e-01 1.457919061222826169e-02
8.060378766792554162e-01 1.467547710821809175e-02
8.076499524326139490e-01 1.463450289030969638e-02
8.092652523374791462e-01 1.428314391807253107e-02
8.108837828421541216e-01 1.451750081866329430e-02
8.125055504078384505e-01 1.445220217711369950e-02
8.141305615086541492e-01 1.428655378847649461e-02
8.157588226316714319e-01 1.438443572740604609e-02
8.173903402769348014e-01 1.432070549067902474e-02
8.190251209574886948e-01 1.424012243837169574e-02
8.206631711994036849e-01 1.431504971507241777e-02
8.223044975418024594e-01 1.416776766550228474e-02
8.239491065368860223e-01 1.425404763243399639e-02
8.255970047499597841e-01 1.436510257653687492e-02
8.272481987594596520e-01 1.431956180114761674e-02
8.289026951569785640e-01 1.428183130105426836e-02
8.305605005472924685e-01 1.432993277369396488e-02
8.322216215483870805e-01 1.424880325086661480e-02
8.338860647914838609e-01 1.428571881089871209e-02
8.355538369210668836e-01 1.424111401912789288e-02
8.372249445949090374e-01 1.417142705201926943e-02
8.388993944840988926e-01 1.430643162714087882e-02
8.405771932730671248e-01 1.420484464922217027e-02
8.422583476596132712e-01 1.421442867916846570e-02
8.439428643549324871e-01 1.425991941737518760e-02
8.456307500836423019e-01 1.445608676898742923e-02
8.473220115838095978e-01 1.444850888416806048e-02
8.490166556069772552e-01 1.437985141517011088e-02
8.507146889181912419e-01 1.437324225270143405e-02
8.524161182960275918e-01 1.440432617508852903e-02
8.541209505326196050e-01 1.449908066122351791e-02
8.558291924336848266e-01 1.441649487050989525e-02
8.575408508185522471e-01 1.448438111627979932e-02
8.592559325201893916e-01 1.446003602536701654e-02
8.609744443852297424e-01 1.436063961638917724e-02
8.626963932740001617e-01 1.434338342842858723e-02
8.644217860605482029e-01 1.434888562866524359e-02
8.661506296326693111e-01 1.436472462005040224e-02
8.678829308919346897e-01 1.443703829022156479e-02
8.696186967537186119e-01 1.425397749386966492e-02
8.713579341472260653e-01 1.436471443045397867e-02
8.731006500155205075e-01 1.434151008941128916e-02
8.748468513155515103e-01 1.433169919814167997e-02
8.765965450181826268e-01 1.433406569152679069e-02
8.783497381082190358e-01 1.421136066320368568e-02
8.801064375844355192e-01 1.430186578034782670e-02
8.818666504596044398e-01 1.432809938679683280e-02
8.836303837605236078e-01 1.413343616639019945e-02
8.853976445280447027e-01 1.438200084759297739e-02
8.871684398171008068e-01 1.448442176863741319e-02
8.889427766967350486e-01 1.452058056175064248e-02
8.907206622501284699e-01 1.439141349040565059e-02
8.925021035746287801e-01 1.439690695333458760e-02
8.942871077817780012e-01 1.433304956877804077e-02
8.960756819973415555e-01 1.438594806455395850e-02
8.978678333613362428e-01 1.428120403965920868e-02
8.996635690280588848e-01 1.424332325069038035e-02
9.014628961661149686e-01 1.420527322360258526e-02
9.032658219584471793e-01 1.415017573664853479e-02
9.050723536023640436e-01 1.433004340913686739e-02
9.068824983095687964e-01 1.417605913171655560e-02
9.086962633061879124e-01 1.406805129204237448e-02
9.105136558328003060e-01 1.421069260200792661e-02
9.123346831444658633e-01 1.425054259975507172e-02
9.141593525107547524e-01 1.401154280460180541e-02
9.159876712157762890e-01 1.400365182163686682e-02
9.178196465582078023e-01 1.382485021054120043e-02
9.196552858513241668e-01 1.400733306445037935e-02
9.214945964230267794e-01 1.405464413862623704e-02
9.233375856158728689e-01 1.415884970224352661e-02
9.251842607871045843e-01 1.411972300808869187e-02
9.270346293086787481e-01 1.397257301237398233e-02
9.288886985672960561e-01 1.409629514386835820e-02
9.307464759644306085e-01 1.414876944306744759e-02
9.326079689163594422e-01 1.408939031882145386e-02
9.344731848541921737e-01 1.413327553139926383e-02
9.363421312239005312e-01 1.406551840139010079e-02
9.382148154863483303e-01 1.408052589451156203e-02
9.400912451173210060e-01 1.414846827212849420e-02
9.419714276075557002e-01 1.402541123033307011e-02
9.438553704627707930e-01 1.409119857286053427e-02
9.457430812036963230e-01 1.408894475503739453e-02
9.476345673661037416e-01 1.410810069962019006e-02
9.495298365008359998e-01 1.405903599747248753e-02
9.514288961738376349e-01 1.404505237005686420e-02
9.533317539661853024e-01 1.407086067354011705e-02
9.552384174741176404e-01 1.404300161143215778e-02
9.571488943090659118e-01 1.417429590627006242e-02
9.590631920976840918e-01 1.420042943805328167e-02
9.609813184818795095e-01 1.401767499613560189e-02
9.629032811188432683e-01 1.432688184982935410e-02
9.648290876810809991e-01 1.443295728652078773e-02
9.667587458564431691e-01 1.414439908286424519e-02
9.686922633481560574e-01 1.414283831006532023e-02
9.706296478748523970e-01 1.415659433480822085e-02
9.725709071706021280e-01 1.430073174120094492e-02
9.745160489849433727e-01 1.420172977821532352e-02
9.764650810829132999e-01 1.443740089831043946e-02
9.784180112450791000e-01 1.433019233270194787e-02
9.803748472675692938e-01 1.417085461687524889e-02
9.823355969621044848e-01 1.429687761763987451e-02
9.843002681560286682e-01 1.417857420845691253e-02
9.862688686923407611e-01 1.420401452246628816e-02
9.882414064297254663e-01 1.406051554008740795e-02
9.902178892425849144e-01 1.423825549037097474e-02
9.921983250210700822e-01 1.429610784707363406e-02
9.941827216711122128e-01 1.417017163203857649e-02
9.961710871144544566e-01 1.406682745679471887e-02
9.981634292886834015e-01 1.423799108912028599e-02
1.000159756147260826e+00 1.409120000481893856e-02
1.002160075659555449e+00 1.409456846061601931e-02
1.004164395810874577e+00 1.397272768662830879e-02
1.006172724602496293e+00 1.405616121736218312e-02
1.008185070051701215e+00 1.388560656165681306e-02
1.010201440191804689e+00 1.406616211889065438e-02
1.012221843072188321e+00 1.392026052154569232e-02
1.014246286758332616e+00 1.395459726003890275e-02
1.016274779331849176e+00 1.378896150964241396e-02
1.018307328890512897e+00 1.378401356756703972e-02
1.020343943548293941e+00 1.388295491719057119e-02
1.022384631435390601e+00 1.386845145166019748e-02
1.024429400698261272e+00 1.385229654521589852e-02
1.026478259499657764e+00 1.391900743214795864e-02
1.028531216018657046e+00 1.378662184395567682e-02
1.030588278450694339e+00 1.385582416721601283e-02
1.032649455007595751e+00 1.383621160148735749e-02
1.034714753917610919e+00 1.382037417343290851e-02
1.036784183425446093e+00 1.377191183085791672e-02
1.038857751792297002e+00 1.375288579013508004e-02
1.040935467295881489e+00 1.365415422318068048e-02
1.043017338230473268e+00 1.407139398510086695e-02
1.045103372906934114e+00 1.368030332722450920e-02
1.047193579652748063e+00 1.372469037927722714e-02
1.049287966812053607e+00 1.443507867155171057e-02
1.051386542745677666e+00 1.442227802912045970e-02
1.053489315831169115e+00 1.451005774430721290e-02
1.055596294462831430e+00 1.425547039799511875e-02
1.057707487051757100e+00 1.448818828597500837e-02
1.059822902025860714e+00 1.444885815641226527e-02
1.061942547829912487e+00 1.449597410163875472e-02
1.064066432925572236e+00 1.430959530004737718e-02
1.066194565791423354e+00 1.405997202067274347e-02
1.068326954923006111e+00 1.421736363518399590e-02
1.070463608832852076e+00 1.443723312947391146e-02
1.072604536050517865e+00 1.413448536669278249e-02
1.074749745122618894e+00 1.411478810242540634e-02
1.076899244612864237e+00 1.416992290867181634e-02
1.079053043102089937e+00 1.424068478234664578e-02
1.081211149188294085e+00 1.372926443235882900e-02
1.083373571486670572e+00 1.425334459834076695e-02
1.085540318629643952e+00 1.388556804282433353e-02
1.087711399266903189e+00 1.398724125821177583e-02
1.089886822065436967e+00 1.411255705911035677e-02
1.092066595709567878e+00 1.399975575846263559e-02
1.094250728900987069e+00 1.394641999276151345e-02
1.096439230358789096e+00 1.412025806579074796e-02
1.098632108819506570e+00 1.391554589987394064e-02
1.100829373037145675e+00 1.401621760951088196e-02
1.103031031783219928e+00 1.391043779965123010e-02
1.105237093846786367e+00 1.382294724923524565e-02
1.107447568034479968e+00 1.395618571095050102e-02
1.109662463170548952e+00 1.378755170874429795e-02
1.111881788096890089e+00 1.379445373814768352e-02
1.114105551673083783e+00 1.376785070350450800e-02
1.116333762776430039e+00 1.374549280971773535e-02
1.118566430301982884e+00 1.370694138587916916e-02
1.120803563162586780e+00 1.372110946393936652e-02
1.123045170288911931e+00 1.376798163031101203e-02
1.125291260629489809e+00 1.357790356279383291e-02
1.127541843150748679e+00 1.359699511487733395e-02
1.129796926837050242e+00 1.364273345633610322e-02
1.132056520690724266e+00 1.349757574396702117e-02
1.134320633732105676e+00 1.358116489852874767e-02
1.136589274999569854e+00 1.343308827301251292e-02
1.138862453549569054e+00 1.349313218722166148e-02
1.141140178456668153e+00 1.345266315166530370e-02
1.143422458813581510e+00 1.329066184402749769e-02
1.145709303731208717e+00 1.342627337186368640e-02
1.148000722338671231e+00 1.325322511451432900e-02
1.150296723783348574e+00 1.325882857529803865e-02
1.152597317230915186e+00 1.339316301434124827e-02
1.154902511865377068e+00 1.330125685932536522e-02
1.157212316889107750e+00 1.351823839186061353e-02
1.159526741522886040e+00 1.325847596273470319e-02
1.161845795005931770e+00 1.322172939353549737e-02
1.164169486595943548e+00 1.383216084340299287e-02
1.166497825569135394e+00 1.318880956800298071e-02
1.168830821220273597e+00 1.425241313166787128e-02
1.171168482862714244e+00 1.431578454307427112e-02
1.173510819828439633e+00 1.392029609433674542e-02
1.175857841468096465e+00 1.394593309855545089e-02
1.178209557151032705e+00 1.404841355190995095e-02
1.180565976265334660e+00 1.422765306872948027e-02
1.182927108217865397e+00 1.406182767993806315e-02
1.185292962434301156e+00 1.407344214587660618e-02
1.187663548359169763e+00 1.403383904572735180e-02
1.190038875455888157e+00 1.399821225772643687e-02
1.192418953206799914e+00 1.402865649048937527e-02
1.194803791113213443e+00 1.398149245334747576e-02
1.197193398695439948e+00 1.415194047750051656e-02
1.199587785492830738e+00 1.387159340947632762e-02
1.201986961063816306e+00 1.417939872793769034e-02
1.204390934985943851e+00 1.410133617387228887e-02
1.206799716855915694e+00 1.371347068797921891e-02
1.209213316289627471e+00 1.392753908368753006e-02
1.211631742922206767e+00 1.417656621293584412e-02
1.214055006408051085e+00 1.399181499011228555e-02
1.216483116420867150e+00 1.403878179924312325e-02
1.218916082653708877e+00 1.410211932738963947e-02
1.221353914819016229e+00 1.396705806708077244e-02
1.223796622648654298e+00 1.387826488322598494e-02
1.226244215893951717e+00 1.387894314541856557e-02
1.228696704325739519e+00 1.382284226789162740e-02
1.231154097734391106e+00 1.380132018629424452e-02
1.233616405929859994e+00 1.390689537571388780e-02
1.236083638741719781e+00 1.390795592941712622e-02
1.238555806019203231e+00 1.390093814970229727e-02
1.241032917631241572e+00 1.380607109957755069e-02
1.243514983466504020e+00 1.369846227006395190e-02
1.246002013433437083e+00 1.377519463776735037e-02
1.248494017460303862e+00 1.368821010583529292e-02
1.250991005495224462e+00 1.371252103181260298e-02
1.253492987506214851e+00 1.355071236035258406e-02
1.255999973481227272e+00 1.357000182005618436e-02
1.258511973428189767e+00 1.361432038863490471e-02
1.261028997375046146e+00 1.353020671696490360e-02
1.263551055369796172e+00 1.345048189378358558e-02
1.266078157480535760e+00 1.357551817864541786e-02
1.268610313795496936e+00 1.362125266633496846e-02
1.271147534423088032e+00 1.347490433889349942e-02
1.273689829491934100e+00 1.337236922678173255e-02
1.276237209150917984e+00 1.354790470237358588e-02
1.278789683569219848e+00 1.345639872098364741e-02
1.281347262936358256e+00 1.332895100076320928e-02
1.283909957462231022e+00 1.328996476708631073e-02
1.286477777377155407e+00 1.325608681035431342e-02
1.289050732931909637e+00 1.350996621473679257e-02
1.291628834397773540e+00 1.337372063709366468e-02
1.294212092066569175e+00 1.326010508845828009e-02
1.296800516250702362e+00 1.331421604119462435e-02
1.299394117283203753e+00 1.340582193853749084e-02
1.301992905517770138e+00 1.323437726063322883e-02
1.304596891328805741e+00 1.325026094075356167e-02
1.307206085111463301e+00 1.322896571250597141e-02
1.309820497281686258e+00 1.311587162504086572e-02
1.312440138276249613e+00 1.348935226033823667e-02
1.315065018552802112e+00 1.373844112720271939e-02
1.317695148589907772e+00 1.313319546719158952e-02
1.320330538887087624e+00 1.309090489127817322e-02
1.322971199964861899e+00 1.388181396188029396e-02
1.325617142364791556e+00 1.375393664052309249e-02
1.328268376649521132e+00 1.321950058420332669e-02
1.330924913402820264e+00 1.341071881217249621e-02
1.333586763229625882e+00 1.404998315889263369e-02
1.336253936756085059e+00 1.409312965489997391e-02
1.338926444629597201e+00 1.396796405156949285e-02
1.341604297518856459e+00 1.402401294904091419e-02
1.344287506113894137e+00 1.405134371395337298e-02
1.346976081126121993e+00 1.370002941852065809e-02
1.349670033288374205e+00 1.382864540977331129e-02
1.352369373354950888e+00 1.382280447964607216e-02
1.355074112101660733e+00 1.383013225372822785e-02
1.357784260325864079e+00 1.391242700312903674e-02
1.360499828846515769e+00 1.394317364491846553e-02
1.363220828504208892e+00 1.385527199268524537e-02
1.365947270161217419e+00 1.357718756295054133e-02
1.368679164701539941e+00 1.371235791878463485e-02
1.371416523030942969e+00 1.371102626346250818e-02
1.374159356077004901e+00 1.370035280125048334e-02
1.376907674789158875e+00 1.368101206548011373e-02
1.379661490138737179e+00 1.378065801409471616e-02
1.382420813119014547e+00 1.378243843561710764e-02
1.385185654745252570e+00 1.374872207802582853e-02
1.387956026054742997e+00 1.377927767845270671e-02
1.390731938106852583e+00 1.377777144847977357e-02
1.393513401983066391e+00 1.366116469716406080e-02
1.396300428787032422e+00 1.365708370558051978e-02
1.399093029644606467e+00 1.393241407257678199e-02
1.401891215703895632e+00 1.354923250937492898e-02
1.404694998135303408e+00 1.355151026113344571e-02
1.407504388131574080e+00 1.373861042019749318e-02
1.410319396907837142e+00 1.362971186652281973e-02
1.413140035701652808e+00 1.348366930266704095e-02
1.415966315773056206e+00 1.345378690328505149e-02
1.418798248404602225e+00 1.360679723174543568e-02
1.421635844901411483e+00 1.347460945016578510e-02
1.424479116591214289e+00 1.347891546888430568e-02
1.427328074824396609e+00 1.330079866115490075e-02
1.430182730974045358e+00 1.347487474896616813e-02
1.433043096435993480e+00 1.341819490098616202e-02
1.435909182628865466e+00 1.347178199264137920e-02
1.438781000994123094e+00 1.339938029201465097e-02
1.441658562996111392e+00 1.342208990694501204e-02
1.444541880122103716e+00 1.342958488727140527e-02
1.447430963882347932e+00 1.350216048271551950e-02
1.450325825810112601e+00 1.341225783730215677e-02
1.453226477461732724e+00 1.336241145199940430e-02
1.456132930416656146e+00 1.332061015932036428e-02
1.459045196277489520e+00 1.333738802483461737e-02
1.461963286670044493e+00 1.343047917614749454e-02
1.464887213243384556e+00 1.337675711027751756e-02
1.467816987669871232e+00 1.339037974455172322e-02
1.470752621645210922e+00 1.333442532926461602e-02
1.473694126888501321e+00 1.328455747673214921e-02
1.476641515142278260e+00 1.333515616546953643e-02
1.479594798172562786e+00 1.325943102008177686e-02
1.482553987768908010e+00 1.317949708842859440e-02
1.485519095744445739e+00 1.326662526283009513e-02
1.488490133935934656e+00 1.329409734723227543e-02
1.491467114203806510e+00 1.324211204679963914e-02
1.494450048432214073e+00 1.330594492511944470e-02
1.497438948529078440e+00 1.318965003731343427e-02
1.500433826426136541e+00 1.319374352437974532e-02
1.503434694078988887e+00 1.318538673062993882e-02
1.506441563467146860e+00 1.323094572249931301e-02
1.509454446594081123e+00 1.319421113409438746e-02
1.512473355487269355e+00 1.314066864119554055e-02
1.515498302198243996e+00 1.314175811382292496e-02
1.518529298802640426e+00 1.343819676775668062e-02
1.521566357400245817e+00 1.340914595108300481e-02
1.524609490115046206e+00 1.341609924304139854e-02
1.527658709095276235e+00 1.313323822008563568e-02
1.530714026513466886e+00 1.328078770781717863e-02
1.533775454566493890e+00 1.340187699532962955e-02
1.536843005475626800e+00 1.361018055255614444e-02
1.539916691486578060e+00 1.357074772371589036e-02
1.542996524869551189e+00 1.368688105416211720e-02
1.546082517919290300e+00 1.358704388967013968e-02
1.549174682955128945e+00 1.340370929981841465e-02
1.552273032321039192e+00 1.324402606777186873e-02
1.555377578385681359e+00 1.330157313364062344e-02
1.558488333542452642e+00 1.338190200708708373e-02
1.561605310209537523e+00 1.346588018827000847e-02
1.564728520829956615e+00 1.360438960936370331e-02
1.567857977871616626e+00 1.333937324588565718e-02
1.570993693827359872e+00 1.335570389755763934e-02
1.574135681215014682e+00 1.358797014159316557e-02
1.577283952577444692e+00 1.341638752982892563e-02
1.580438520482599474e+00 1.345166677798242602e-02
1.583599397523564711e+00 1.342742312586454358e-02
1.586766596318611944e+00 1.347526976969339388e-02
1.589940129511249189e+00 1.343629581342898303e-02
1.593120009770271794e+00 1.349725577450403870e-02
1.596306249789812393e+00 1.336809893029183502e-02
1.599498862289391976e+00 1.334678131002317233e-02
1.602697860013970743e+00 1.315252140361439920e-02
1.605903255733998725e+00 1.326139738107336152e-02
1.609115062245466632e+00 1.323257581641786376e-02
1.612333292369957594e+00 1.305299966810747822e-02
1.615557958954697559e+00 1.334747970098497209e-02
1.618789074872607037e+00 1.343887302288529310e-02
1.622026653022352161e+00 1.326098772211480037e-02
1.625270706328396875e+00 1.335048620117123067e-02
1.628521247741053779e+00 1.320103728899658588e-02
1.631778290236535867e+00 1.312233032969293417e-02
1.635041846817008926e+00 1.288362686401262926e-02
1.638311930510642833e+00 1.319858548386940687e-02
1.641588554371664177e+00 1.305560322230742316e-02
1.644871731480407551e+00 1.325911326871719031e-02
1.648161474943368399e+00 1.307010600868024550e-02
1.651457797893255197e+00 1.320403885257581157e-02
1.654760713489041635e+00 1.306496536732366584e-02
1.658070234916019681e+00 1.314814641087340072e-02
1.661386375385851766e+00 1.286590949132079310e-02
1.664709148136623407e+00 1.305501563118539356e-02
1.668038566432896719e+00 1.301386820377856829e-02
1.671374643565762597e+00 1.284709773614757002e-02
1.674717392852894227e+00 1.286515036785949688e-02
1.678066827638599934e+00 1.289856301715532581e-02
1.681422961293877139e+00 1.298306218538619952e-02
1.684785807216464981e+00 1.319150561879513066e-02
1.688155378830897835e+00 1.289248765919924142e-02
1.691531689588559706e+00 1.290086307111973883e-02
1.694914752967736860e+00 1.292155111050079241e-02
1.698304582473672442e+00 1.287909618277827822e-02
1.701701191638619770e+00 1.287259247514001628e-02
1.705104594021896958e+00 1.287166219699960486e-02
1.708514803209940647e+00 1.293331804132324091e-02
1.711931832816360632e+00 1.292934618415722894e-02
1.715355696481993375e+00 1.289783905375671905e-02
1.718786407874957289e+00 1.299761254129334215e-02
1.722223980690707146e+00 1.280715684407608516e-02
1.725668428652088471e+00 1.288346979168309564e-02
1.729119765509392614e+00 1.297616479995331029e-02
1.732578005040411373e+00 1.295837640722159387e-02
1.736043161050492278e+00 1.303501374869368325e-02
1.739515247372593221e+00 1.302384221018828073e-02
1.742994277867338404e+00 1.301592691857077211e-02
1.746480266423073191e+00 1.313582289383883467e-02
1.749973226955919392e+00 1.289991783873075185e-02
1.753473173409831221e+00 1.303650858686896362e-02
1.756980119756650804e+00 1.317738028657968255e-02
1.760494079996164141e+00 1.328056489741472404e-02
1.764015068156156385e+00 1.302545007660830048e-02
1.767543098292468695e+00 1.316581025453909988e-02
1.771078184489053742e+00 1.324260657884658576e-02
1.774620340858031886e+00 1.316065693629273406e-02
1.778169581539748023e+00 1.314036769913852661e-02
1.781725920702827537e+00 1.336129251461784170e-02
1.785289372544233144e+00 1.332706447384678604e-02
1.788859951289321515e+00 1.332907447783310273e-02
1.792437671191900117e+00 1.323854868419604633e-02
1.796022546534283837e+00 1.339710439207758390e-02
1.799614591627352489e+00 1.335397649174424432e-02
1.803213820810607215e+00 1.330458655312212295e-02
1.806820248452228439e+00 1.335188979189531888e-02
1.810433888949132930e+00 1.338625096905770966e-02
1.814054756727031092e+00 1.316134149741633903e-02
1.817682866240485140e+00 1.330917655880949242e-02
1.821318231972966162e+00 1.346723430028827842e-02
1.824960868436912076e+00 1.330369045706461008e-02
1.828610790173785805e+00 1.329854407188576539e-02
1.832268011754133452e+00 1.348210709801668170e-02
1.835932547777641810e+00 1.339004663154288663e-02
1.839604412873197203e+00 1.334235559600987879e-02
1.843283621698943664e+00 1.335159577964044504e-02
1.846970188942341551e+00 1.350539847543344441e-02
1.850664129320226170e+00 1.338511411619403013e-02
1.854365457578866616e+00 1.342831722059245093e-02
1.858074188494024392e+00 1.356445329817094342e-02
1.861790336871012475e+00 1.345008664837872396e-02
1.865513917544754596e+00 1.343629075927568056e-02
1.869244945379844092e+00 1.321080522208714809e-02
1.872983435270603847e+00 1.357501777624722621e-02
1.876729402141145142e+00 1.346978439312233877e-02
1.880482860945427381e+00 1.345501140227505811e-02
1.884243826667318267e+00 1.330166237368202165e-02
1.888012314320652862e+00 1.325516385230316938e-02
1.891788338949294213e+00 1.344344835220382013e-02
1.895571915627192849e+00 1.313878462582146293e-02
1.899363059458447189e+00 1.322183959570392454e-02
1.903161785577364151e+00 1.338242136386912258e-02
1.906968109148518886e+00 1.338804395551891797e-02
1.910782045366815840e+00 1.330537064306189406e-02
1.914603609457549371e+00 1.319134576819148801e-02
1.918432816676464370e+00 1.321510180174280055e-02
1.922269682309817318e+00 1.318908194153691621e-02
1.926114221674436910e+00 1.330610815403129518e-02
1.929966450117785781e+00 1.329772135729206245e-02
1.933826383018021344e+00 1.357224184081601628e-02
1.937694035784057300e+00 1.322408196831457126e-02
1.941569423855625365e+00 1.341021960784039881e-02
1.945452562703336552e+00 1.326235318300135642e-02
1.949343467828743126e+00 1.337292675075004572e-02
1.953242154764400551e+00 1.351892096371829118e-02
1.957148639073929441e+00 1.318316831426910238e-02
1.961062936352077291e+00 1.345140265353516641e-02
1.964985062224781531e+00 1.330642065319559419e-02
1.968915032349231042e+00 1.347895057522814459e-02
1.972852862413929431e+00 1.335296116375713806e-02
1.976798568138757206e+00 1.339941141305517336e-02
1.980752165275034615e+00 1.329058647237757115e-02
1.984713669605584707e+00 1.330731541791252935e-02
1.988683096944795947e+00 1.340231373677994858e-02
1.992660463138685500e+00 1.329414261522895123e-02
1.996645784064962958e+00 1.317978471488648676e-02
2.000639075633092734e+00 1.325558682880907842e-02
2.004640353784358897e+00 1.328878463885599208e-02
2.008649634491927571e+00 1.342472767620493321e-02
2.012666933760911547e+00 1.334248714036099029e-02
2.016692267628433566e+00 1.334580369235812206e-02
2.020725652163690267e+00 1.333128757867617364e-02
2.024767103468017471e+00 1.326803342025150052e-02
2.028816637674953682e+00 1.325538683416568539e-02
2.032874270950303597e+00 1.325432832548149517e-02
2.036940019492204268e+00 1.310039159917959252e-02
2.041013899531188613e+00 1.331501280708252515e-02
2.045095927330251140e+00 1.332345685568669426e-02
2.049186119184911448e+00 1.326133696629559419e-02
2.053284491423281288e+00 1.319596445326197062e-02
2.057391060406128069e+00 1.315802844656876677e-02
2.061505842526940135e+00 1.316644182049835597e-02
2.065628854211993826e+00 1.315956208548742755e-02
2.069760111920417867e+00 1.308802113937842723e-02
2.073899632144258653e+00 1.311204159189181991e-02
2.078047431408547308e+00 1.306505926891203193e-02
2.082203526271364513e+00 1.310730893956494301e-02
2.086367933323907131e+00 1.298954698784977359e-02
2.090540669190554812e+00 1.303887632307817492e-02
2.094721750528935722e+00 1.307561350723735610e-02
2.098911194029993599e+00 1.299406091040386339e-02
2.103109016418053479e+00 1.305904591015515787e-02
2.107315234450889641e+00 1.303639975988483100e-02
2.111529864919791333e+00 1.312195754658431260e-02
2.115752924649630717e+00 1.296055925348128454e-02
2.119984430498929928e+00 1.294960407141533196e-02
2.124224399359927684e+00 1.292310968322411824e-02
2.128472848158647679e+00 1.306602722225070831e-02
2.132729793854965195e+00 1.290385921462191415e-02
2.136995253442675047e+00 1.295507169898128461e-02
2.141269243949560419e+00 1.294788525552401787e-02
2.145551782437459476e+00 1.281780573304280163e-02
2.149842886002334197e+00 1.294536141913432345e-02
2.154142571774338766e+00 1.288356112563833304e-02
2.158450856917887517e+00 1.282169808786595699e-02
2.162767758631723325e+00 1.288435746769761581e-02
2.167093294148986882e+00 1.286131275030411025e-02
2.171427480737284643e+00 1.286520891694214845e-02
2.175770335698758995e+00 1.288168048809749076e-02
2.180121876370156642e+00 1.283375716903023718e-02
2.184482120122896998e+00 1.282608191705154367e-02
2.188851084363142796e+00 1.277192013703488081e-02
2.193228786531868924e+00 1.289414980947752379e-02
2.197615244104932586e+00 1.282370593648049159e-02
2.202010474593142586e+00 1.285235806308397850e-02
2.206414495542329046e+00 1.282032955873229491e-02
2.210827324533413574e+00 1.280668654104848668e-02
2.215248979182480316e+00 1.279085073967798844e-02
2.219679477140845236e+00 1.289033916617001764e-02
2.224118836095126728e+00 1.272684020385760062e-02
2.228567073767317108e+00 1.279919841697726816e-02
2.233024207914851900e+00 1.288637471621740735e-02
2.237490256330681770e+00 1.274186470923701492e-02
2.241965236843343146e+00 1.285274922547981029e-02
2.246449167317029705e+00 1.281281184225130029e-02
2.250942065651663881e+00 1.271436619991949887e-02
2.255443949782967028e+00 1.274163479430860148e-02
2.259954837682533135e+00 1.273294378361809753e-02
2.264474747357898110e+00 1.297446805169517707e-02
2.269003696852613938e+00 1.278412621659921235e-02
2.273541704246319295e+00 1.276194127077017425e-02
2.278088787654811931e+00 1.281469832403861475e-02
2.282644965230121503e+00 1.274150501662146828e-02
2.287210255160581962e+00 1.279434804137665957e-02
2.291784675670903049e+00 1.300804060058843512e-02
2.296368245022244903e+00 1.303521364544988313e-02
2.300960981512289560e+00 1.293198267475159646e-02
2.305562903475314229e+00 1.310711680031469151e-02
2.310174029282265007e+00 1.306413805064616900e-02
2.314794377340829712e+00 1.325897198607596875e-02
2.319423966095511158e+00 1.299108941576263866e-02
2.324062814027702206e+00 1.308589537009593670e-02
2.328710939655757706e+00 1.307289393695241879e-02
2.333368361535069102e+00 1.299779470168729856e-02
2.338035098258139044e+00 1.305900441106453216e-02
2.342711168454655102e+00 1.295999209096067653e-02
2.347396590791564375e+00 1.296765575190656286e-02
2.352091383973147654e+00 1.314405064885961448e-02
2.356795566741094028e+00 1.310677380736605807e-02
2.361509157874576381e+00 1.313153836497753246e-02
2.366232176190325553e+00 1.314781163120616429e-02
2.370964640542706281e+00 1.311083658695265386e-02
2.375706569823791803e+00 1.313920666867783409e-02
2.380457982963439356e+00 1.297676630656144359e-02
2.385218898929366116e+00 1.311744011291018225e-02
2.389989336727224689e+00 1.301405302510305617e-02
2.394769315400679055e+00 1.319054270065499537e-02
2.399558854031480504e+00 1.315241887719309499e-02
2.404357971739543576e+00 1.323900392566282162e-02
2.409166687683022445e+00 1.333655557495487878e-02
2.413985021058388636e+00 1.339079848600906002e-02
2.418812991100505627e+00 1.310339577757638554e-02
2.423650617082706571e+00 1.341932407262874660e-02
2.428497918316872006e+00 1.342023099293252440e-02
2.433354914153505799e+00 1.338494578103186991e-02
2.438221623981812858e+00 1.328803837818062598e-02
2.443098067229776404e+00 1.341636990126950438e-02
2.447984263364236135e+00 1.363345630272367291e-02
2.452880231890964602e+00 1.363841702555986662e-02
2.457785992354746707e+00 1.325943058057846985e-02
2.462701564339456084e+00 1.331377750878479094e-02
2.467626967468135035e+00 1.374059167637630904e-02
2.472562221403071359e+00 1.349366197606033727e-02
2.477507345845877396e+00 1.360460381336340771e-02
2.482462360537569079e+00 1.385387207257781327e-02
2.487427285258644094e+00 1.361068098339791518e-02
2.492402139829161367e+00 1.339806226825731097e-02
2.497386944108819673e+00 1.383489680698594786e-02
2.502381717997037125e+00 1.354195272828880893e-02
2.507386481433031111e+00 1.360566669956704382e-02
2.512401254395897343e+00 1.380767807703754679e-02
2.517426056904689347e+00 1.360959544010767117e-02
2.522460909018498842e+00 1.369696540086116562e-02
2.527505830836535683e+00 1.374211294255305547e-02
2.532560842498208675e+00 1.371726789357306797e-02
2.537625964183205074e+00 1.372907586395101867e-02
2.542701216111571405e+00 1.396189020014487227e-02
2.547786618543794734e+00 1.376262590349930544e-02
2.552882191780882160e+00 1.402733307976861306e-02
2.557987956164443855e+00 1.357241726125152023e-02
2.563103932076772562e+00 1.397159045179252428e-02
2.568230139940926193e+00 1.373075925358845963e-02
2.573366600220808209e+00 1.400866857035444439e-02
2.578513333421249776e+00 1.369750960457777854e-02
2.583670360088092366e+00 1.384892657437738345e-02
2.588837700808268583e+00 1.367669235475703349e-02
2.594015376209885204e+00 1.352254963321125776e-02
2.599203406962304896e+00 1.364766559226154169e-02
2.604401813776229702e+00 1.360527773030249972e-02
2.609610617403782307e+00 1.381512022473461998e-02
2.614829838638589976e+00 1.354025114042104946e-02
2.620059498315867152e+00 1.369056146945917506e-02
2.625299617312498945e+00 1.358521096553303061e-02
2.630550216547123732e+00 1.375176795625628230e-02
2.635811316980217978e+00 1.356211002737389357e-02
2.641082939614178393e+00 1.366904083717920132e-02
2.646365105493406755e+00 1.361111270810688723e-02
2.651657835704393396e+00 1.345811865352993311e-02
2.656961151375802022e+00 1.350428154449296453e-02
2.662275073678553650e+00 1.333578813992932974e-02
2.667599623825910538e+00 1.367918893102501587e-02
2.672934823073562338e+00 1.359721044330893837e-02
2.678280692719709588e+00 1.353849948319878205e-02
2.683637254105148973e+00 1.377520923875636370e-02
2.689004528613359479e+00 1.362432105122585863e-02
2.694382537670586331e+00 1.398305221937229566e-02
2.699771302745927581e+00 1.334420463149809701e-02
2.705170845351419384e+00 1.389189261764192142e-02
2.710581187042122142e+00 1.366633902851586112e-02
2.716002349416206219e+00 1.382642532779235905e-02
2.721434354115038534e+00 1.369024901408387972e-02
2.726877222823268720e+00 1.372013521240542967e-02
2.732330977268915273e+00 1.354487692308894119e-02
2.737795639223453037e+00 1.365159518014111804e-02
2.743271230501899804e+00 1.352647404002901843e-02
2.748757772962903800e+00 1.357014741878754226e-02
2.754255288508829391e+00 1.386275788216066902e-02
2.759763799085847236e+00 1.357223651016829964e-02
2.765283326684019105e+00 1.373718989490741241e-02
2.770813893337387146e+00 1.403480964508293204e-02
2.776355521124061809e+00 1.370579954344278151e-02
2.781908232166309780e+00 1.380103437190520303e-02
2.787472048630642352e+00 1.394318857483945080e-02
2.793046992727903799e+00 1.372595686471381540e-02
2.798633086713359752e+00 1.364380864579792761e-02
2.804230352886786459e+00 1.399419407702247146e-02
2.809838813592560047e+00 1.356955705061326824e-02
2.815458491219745341e+00 1.366874526915339352e-02
2.821089408202184678e+00 1.402244653363861684e-02
2.826731587018588954e+00 1.371884495647506669e-02
2.832385050192625986e+00 1.364638855295527073e-02
2.838049820293011116e+00 1.405230646478950081e-02
2.843725919933597357e+00 1.372536839212293650e-02
2.849413371773464654e+00 1.387299994572546540e-02
2.855112198517011368e+00 1.409867870606222769e-02
2.860822422914045315e+00 1.357587456671861641e-02
2.866544067759873471e+00 1.376907562977975827e-02
2.872277155895393008e+00 1.400258408977228357e-02
2.878021710207183670e+00 1.379861268765398587e-02
2.883777753627597917e+00 1.360922797804298666e-02
2.889545309134853301e+00 1.400524046083023721e-02
2.895324399753123057e+00 1.357273434946534851e-02
2.901115048552629361e+00 1.372880992803712785e-02
2.906917278649734815e+00 1.378617564770268263e-02
2.912731113207034372e+00 1.347929905539910211e-02
2.918556575433448597e+00 1.374482430385580781e-02
2.924393688584315587e+00 1.374942689209483586e-02
2.930242475961484239e+00 1.381274267644375629e-02
2.936102960913407056e+00 1.353672769773231824e-02
2.941975166835233857e+00 1.386707532025742776e-02
2.947859117168904142e+00 1.382602978961583289e-02
2.953754835403242129e+00 1.368233563790273964e-02
2.959662345074048684e+00 1.363899003809550606e-02
2.965581669764196793e+00 1.363060240324502799e-02
2.971512833103725271e+00 1.376118855565989889e-02
2.977455858769932906e+00 1.359338584831476342e-02
2.983410770487472607e+00 1.381544194505617516e-02
2.989377592028447772e+00 1.399958935627082859e-02
2.995356347212504655e+00 1.357119787465769362e-02
3.001347059906929626e+00 1.367147111338827721e-02
3.007349754026743316e+00 1.383042710831035825e-02
3.013364453534796983e+00 1.353045660598069765e-02
3.019391182441866661e+00 1.350019773608883249e-02
3.025429964806750416e+00 1.372827328734342253e-02
3.031480824736363822e+00 1.384816153964410837e-02
3.037543786385836331e+00 1.343329322827026447e-02
3.043618873958608084e+00 1.371913190938628575e-02
3.049706111706525391e+00 1.387040443385011319e-02
3.055805523929938428e+00 1.346262055660511249e-02
3.061917134977798494e+00 1.368678949749051015e-02
3.068040969247753935e+00 1.352460429330241444e-02
3.074177051186249621e+00 1.354700908008079491e-02
3.080325405288621976e+00 1.352688093665220005e-02
3.086486056099199349e+00 1.350643722658824951e-02
3.092659028211397931e+00 1.363395441905243186e-02
3.098844346267820793e+00 1.351544581157638168e-02
3.105042034960356467e+00 1.351193841603173101e-02
3.111252119030277097e+00 1.363081385539540759e-02
3.117474623268337464e+00 1.359344740720605516e-02
3.123709572514874022e+00 1.347917168849592333e-02
3.129956991659903931e+00 1.363669019426604762e-02
3.136216905643223640e+00 1.353687524769077097e-02
3.142489339454510144e+00 1.347646997153442543e-02
3.148774318133419126e+00 1.355586428005152964e-02
3.155071866769685762e+00 1.355972464436999356e-02
3.161382010503225093e+00 1.350419870758979082e-02
3.167704774524231492e+00 1.353143356746993459e-02
3.174040184073279924e+00 1.344415533361608892e-02
3.180388264441426305e+00 1.350675157394701231e-02
3.186749040970309199e+00 1.347281988488140125e-02
3.193122539052249742e+00 1.353945929435502842e-02
3.199508784130354222e+00 1.355498443221661575e-02
3.205907801698614890e+00 1.340318178906131988e-02
3.212319617302012098e+00 1.347436499924066153e-02
3.218744256536616000e+00 1.355582663822898701e-02
3.225181745049689130e+00 1.347511572056677223e-02
3.231632108539788550e+00 1.344775165321275556e-02
3.238095372756867985e+00 1.343330641236655833e-02
3.244571563502381739e+00 1.347524131323310850e-02
3.251060706629386399e+00 1.344988829274277632e-02
3.257562828042645187e+00 1.342138916274880286e-02
3.264077953698730550e+00 1.338831155885654781e-02
3.270606109606128076e+00 1.333996924728564348e-02
3.277147321825340409e+00 1.340314690028300039e-02
3.283701616468991169e+00 1.324818061779258795e-02
3.290269019701929309e+00 1.334418036258685526e-02
3.296849557741333037e+00 1.329771004740547963e-02
3.303443256856815502e+00 1.332166197191082639e-02
3.310050143370529163e+00 1.325859289689798257e-02
3.316670243657270145e+00 1.336605987207012923e-02
3.323303584144584821e+00 1.320310217504573093e-02
3.329950191312874175e+00 1.322839663951930200e-02
3.336610091695499936e+00 1.333895563420471782e-02
3.343283311878890718e+00 1.332268925430972646e-02
3.349969878502648601e+00 1.323199768741641080e-02
3.356669818259653937e+00 1.333079629703039920e-02
3.363383157896173259e+00 1.326779909416472836e-02
3.370109924211965424e+00 1.324967500755566858e-02
3.376850144060389525e+00 1.329559595783623774e-02
3.383603844348510137e+00 1.324832006411216789e-02
3.390371052037207011e+00 1.318433821226547113e-02
3.397151794141281211e+00 1.326639094189414718e-02
3.403946097729563913e+00 1.327533692905165548e-02
3.410753989925022989e+00 1.318738980608011660e-02
3.417575497904873139e+00 1.324070246475235989e-02
3.424410648900682919e+00 1.324719733172684787e-02
3.431259470198484429e+00 1.317147897034496098e-02
3.438121989138881229e+00 1.315279261275396558e-02
3.444998233117158914e+00 1.334031817521050441e-02
3.451888229583393031e+00 1.320697730924665775e-02
3.458792006042559652e+00 1.332116554191909233e-02
3.465709590054644629e+00 1.327713101956605642e-02
3.472641009234753717e+00 1.305865436146285211e-02
3.479586291253223163e+00 1.312534526571166975e-02
3.486545463835729830e+00 1.321042609847380978e-02
3.493518554763401340e+00 1.325819761090403330e-02
3.500505591872927980e+00 1.326132853282908398e-02
3.507506603056673722e+00 1.312452074410748633e-02
3.514521616262787251e+00 1.307620592999733308e-02
3.521550659495312985e+00 1.309872187985458916e-02
3.528593760814303426e+00 1.322522956225675832e-02
3.535650948335931965e+00 1.309228514571331506e-02
3.542722250232603898e+00 1.319133784664068901e-02
3.549807694733069230e+00 1.308789247750557876e-02
3.556907310122535470e+00 1.312592767690563475e-02
3.564021124742780433e+00 1.309942122815966475e-02
3.571149166992265922e+00 1.315971059841491118e-02
3.578291465326250531e+00 1.316869812742361458e-02
3.585448048256902887e+00 1.306883566827478360e-02
3.592618944353416666e+00 1.312816523483718162e-02
3.599804182242123396e+00 1.302178056117662790e-02
3.607003790606607474e+00 1.299728699433400254e-02
3.614217798187820740e+00 1.314916593156668922e-02
3.621446233784196167e+00 1.307526956611429481e-02
3.628689126251764652e+00 1.293054583970664265e-02
3.635946504504268262e+00 1.313129210053027608e-02
3.643218397513276585e+00 1.293260719235686876e-02
3.650504834308303082e+00 1.308172145787325769e-02
3.657805843976919657e+00 1.307365468860368155e-02
3.665121455664873462e+00 1.303939649118485318e-02
3.672451698576203238e+00 1.304864900889696026e-02
3.679796601973355674e+00 1.304942735444045675e-02
3.687156195177302198e+00 1.295074696017655368e-02
3.694530507567656663e+00 1.311038120355739744e-02
3.701919568582792142e+00 1.291827239912944798e-02
3.709323407719957721e+00 1.299267104838577880e-02
3.716742054535397521e+00 1.301987429602111807e-02
3.724175538644468375e+00 1.290406499417950069e-02
3.731623889721757514e+00 1.300133439103106671e-02
3.739087137501201141e+00 1.299293585597266314e-02
3.746565311776203444e+00 1.293811985052120521e-02
3.754058442399756057e+00 1.296127082933424407e-02
3.761566559284555744e+00 1.296841630829612992e-02
3.769089692403124747e+00 1.287986930084549994e-02
3.776627871787931134e+00 1.276013170606218709e-02
3.784181127531506927e+00 1.285428341714497588e-02
3.791749489786569782e+00 1.293474437166311670e-02
3.799332988766142893e+00 1.291348484662250932e-02
3.806931654743675342e+00 1.294839848172943050e-02
3.814545518053162887e+00 1.285084153507687343e-02
3.822174609089269204e+00 1.293196176063482299e-02
3.829818958307447563e+00 1.300208236303845855e-02
3.837478596224062510e+00 1.285885445061724607e-02
3.845153553416510661e+00 1.281011778646582930e-02
3.852843860523343711e+00 1.291912485009482671e-02
3.860549548244390561e+00 1.271457635989380573e-02
3.868270647340879442e+00 1.289557209429675021e-02
3.876007188635561374e+00 1.277160612048240142e-02
3.883759203012832284e+00 1.274182968395138303e-02
3.891526721418857804e+00 1.295762142381032440e-02
3.899309774861695388e+00 1.286226985519925599e-02
3.907108394411418661e+00 1.284011730920367640e-02
3.914922611200241320e+00 1.285942813022251247e-02
3.922752456422641920e+00 1.280511676390622307e-02
3.930597961335487334e+00 1.290696575851903172e-02
3.938459157258158427e+00 1.278763933866915690e-02
3.946336075572674851e+00 1.287575812679120184e-02
3.954228747723820270e+00 1.281754511164592478e-02
3.962137205219268044e+00 1.282986851126727279e-02
3.970061479629706458e+00 1.297796848251392236e-02
3.978001602588965735e+00 1.305370291578889820e-02
3.985957605794143710e+00 1.285155031392893991e-02
3.993929521005731953e+00 1.288552485121273461e-02
4.001917380047743222e+00 1.305728891149167577e-02
4.009921214807838474e+00 1.286714389471775750e-02
4.017941057237454316e+00 1.294836066415294348e-02
4.025976939351929573e+00 1.308213975016559935e-02
4.034028893230633628e+00 1.302947884660224896e-02
4.042096951017095208e+00 1.295736541813844074e-02
4.050181144919129395e+00 1.295973292621610887e-02
4.058281507208967298e+00 1.312551578712517139e-02
4.066398070223384842e+00 1.298786020060935936e-02
4.074530866363831549e+00 1.311496567613946139e-02
4.082679928096559330e+00 1.314170663002931817e-02
4.090845287952752152e+00 1.309760324103324824e-02
4.099026978528657494e+00 1.302668448569863947e-02
4.107225032485715133e+00 1.307741978353155719e-02
4.115439482550686812e+00 1.311337273320746510e-02
4.123670361515788585e+00 1.322852395122059779e-02
4.131917702238820489e+00 1.322671547634191903e-02
4.140181537643297993e+00 1.319423331319086699e-02
4.148461900718584339e+00 1.305857093550324283e-02
4.156758824520021101e+00 1.330641866956144663e-02
4.165072342169061415e+00 1.321253008501465341e-02
4.173402486853399651e+00 1.305441895802095589e-02
4.181749291827106418e+00 1.316169105301793693e-02
4.190112790410760901e+00 1.316756298453884179e-02
4.198493015991582311e+00 1.316244921216322590e-02
4.206890002023565778e+00 1.317754993100249232e-02
4.215303782027612911e+00 1.325868717581797987e-02
4.223734389591667693e+00 1.317603370126943507e-02
4.232181858370850591e+00 1.311199940973597523e-02
4.240646222087592676e+00 1.318703531210727031e-02
4.249127514531767957e+00 1.323981483118703319e-02
4.257625769560831053e+00 1.328674589099468860e-02
4.266141021099953079e+00 1.323401784915928699e-02
4.274673303142153102e+00 1.337173416043950513e-02
4.283222649748437583e+00 1.318120051297879194e-02
4.291789095047934488e+00 1.318574074813354258e-02
4.300372673238030075e+00 1.318318308637478689e-02
4.308973418584506554e+00 1.325893507430430870e-02
4.317591365421675320e+00 1.331258141015427207e-02
4.326226548152519058e+00 1.328630179406497386e-02
4.334879001248824082e+00 1.343763610771259512e-02
4.343548759251321556e+00 1.350615563913160413e-02
4.352235856769824274e+00 1.359358197637302451e-02
4.360940328483364326e+00 1.360398462728897723e-02
4.369662209140330766e+00 1.355339586162365370e-02
4.378401533558611725e+00 1.373436006668298306e-02
4.387158336625728516e+00 1.360880518717643047e-02
4.395932653298979531e+00 1.357011030730667991e-02
4.404724518605577899e+00 1.365081726094070566e-02
4.413533967642789158e+00 1.325203055935585128e-02
4.422361035578075139e+00 1.370016091252363420e-02
4.431205757649231636e+00 1.390570790127712737e-02
4.440068169164530509e+00 1.396544764298240406e-02
4.448948305502859135e+00 1.382031476352167491e-02
4.457846202113865175e+00 1.382379238137860372e-02
4.466761894518092468e+00 1.402483386762920677e-02
4.475695418307128470e+00 1.368489009922516791e-02
4.484646809143742807e+00 1.366774362728550088e-02
4.493616102762030273e+00 1.402502890457012555e-02
4.502603334967554716e+00 1.317457446841275789e-02
4.511608541637490255e+00 1.399571288180811134e-02
4.520631758720765170e+00 1.364010969884056276e-02
4.529673022238206670e+00 1.340117041594159758e-02
4.538732368282683005e+00 1.408729204647580363e-02
4.547809833019248238e+00 1.356721703396335590e-02
4.556905452685287017e+00 1.380509538668301013e-02
4.566019263590657573e+00 1.404146405090498165e-02
4.575151302117839158e+00 1.365545050069710137e-02
4.584301604722075041e+00 1.377578168631319634e-02
4.593470207931519056e+00 1.348543179860463466e-02
4.602657148347382154e+00 1.402628296633766022e-02
4.611862462644077176e+00 1.373060630127531656e-02
4.621086187569365400e+00 1.373632763723647843e-02
4.630328359944503980e+00 1.378108219356132674e-02
4.639589016664393384e+00 1.386634614517849931e-02
4.648868194697722167e+00 1.374016248214639593e-02
4.658165931087117961e+00 1.372142167753994356e-02
4.667482262949292249e+00 1.374148077864772825e-02
4.676817227475190464e+00 1.359097843494186907e-02
4.686170861930141207e+00 1.346782450585643637e-02
4.695543203654001907e+00 1.357904663466796141e-02
4.704934290061309810e+00 1.353785357059099012e-02
4.714344158641432081e+00 1.346990455177315797e-02
4.723772846958715022e+00 1.344964309721407431e-02
4.733220392652632391e+00 1.376965034227015799e-02
4.742686833437937288e+00 1.357662674823636312e-02
4.752172207104813140e+00 1.357997452585672782e-02
4.761676551519022915e+00 1.355009676081558000e-02
4.771199904622061005e+00 1.360013974077998837e-02
4.780742304431305101e+00 1.380476120638746834e-02
4.790303789040168070e+00 1.351544545099867163e-02
4.799884396618248061e+00 1.349580130402471684e-02
4.809484165411484824e+00 1.358603133063156221e-02
4.819103133742308032e+00 1.353455107369334713e-02
4.828741340009792715e+00 1.351845894917651572e-02
4.838398822689812029e+00 1.364347789107812382e-02
4.848075620335191793e+00 1.352511011991833212e-02
4.857771771575862374e+00 1.357713635374941524e-02
4.867487315119014113e+00 1.390195555095269202e-02
4.877222289749251871e+00 1.387598872364524845e-02
4.886976734328750460e+00 1.401389776514607929e-02
4.896750687797408297e+00 1.404453158127645304e-02
4.906544189173002835e+00 1.356219222020908430e-02
4.916357277551348659e+00 1.392465690240695352e-02
4.926189992106451143e+00 1.394967685068765860e-02
4.936042372090663655e+00 1.379343096469675192e-02
4.945914456834844763e+00 1.370127714087803275e-02
4.955806285748514561e+00 1.398449650848178696e-02
4.965717898320011869e+00 1.377815724740825282e-02
4.975649334116652334e+00 1.366861949065947650e-02
4.985600632784885633e+00 1.339997581782375116e-02
4.995571834050455351e+00 1.387085643154181529e-02
5.005562977718556184e+00 1.360905002705144716e-02
5.015574103673992923e+00 1.396491684281033277e-02
5.025605251881341218e+00 1.384172342884254329e-02
5.035656462385103893e+00 1.364966842582461710e-02
5.045727775309874374e+00 1.369446534214402954e-02
5.055819230860493896e+00 1.383182633421838059e-02
5.065930869322214924e+00 1.390200498301855103e-02
5.076062731060859257e+00 1.361199480054256158e-02
5.086214856522980554e+00 1.362732330451150130e-02
5.096387286236026881e+00 1.359584128506356043e-02
5.106580060808498800e+00 1.380866366201338215e-02
5.116793220930115460e+00 1.372779210143782597e-02
5.127026807371975359e+00 1.385825467076762414e-02
5.137280860986718878e+00 1.358901584398961374e-02
5.147555422708692596e+00 1.388410041820847471e-02
5.157850533554110051e+00 1.376761537606892814e-02
5.168166234621218713e+00 1.365901145476941005e-02
5.178502567090460751e+00 1.347752221271775186e-02
5.188859572224641781e+00 1.372262679094366812e-02
5.199237291369090741e+00 1.376305664494143800e-02
5.209635765951828645e+00 1.370730387329591356e-02
5.220055037483732008e+00 1.373701915387955455e-02
5.230495147558699820e+00 1.349245705378485961e-02
5.240956137853816976e+00 1.395700820190752013e-02
5.251438050129524804e+00 1.373426002219218026e-02
5.261940926229783599e+00 1.356712501242880904e-02
5.272464808082243160e+00 1.363472386715532635e-02
5.283009737698407982e+00 1.373369489756872015e-02
5.293575757173805130e+00 1.383404034416963607e-02
5.304162908688152989e+00 1.374257453908016118e-02
5.314771234505529129e+00 1.350194631002079627e-02
5.325400776974539951e+00 1.357925782054594799e-02
5.336051578528489436e+00 1.380303498330493796e-02
5.346723681685546126e+00 1.376284302919905840e-02
5.357417129048917204e+00 1.357266314061449791e-02
5.368131963307015475e+00 1.372654291411279544e-02
5.378868227233629895e+00 1.390690384203748312e-02
5.389625963688096988e+00 1.372899219974545691e-02
5.400405215615473153e+00 1.357577813479935586e-02
5.411206026046704309e+00 1.383216334513168687e-02
5.422028438098797309e+00 1.393816409844817611e-02
5.432872494974994915e+00 1.368101085345648817e-02
5.443738239964944547e+00 1.367307475491035505e-02
5.454625716444874151e+00 1.398269231907533876e-02
5.465534967877763606e+00 1.373984434502488645e-02
5.476466037813518817e+00 1.363465343431418016e-02
5.487418969889145792e+00 1.368931246257090555e-02
5.498393807828923840e+00 1.383264629107623309e-02
5.509390595444581429e+00 1.371138879711992359e-02
5.520409376635470267e+00 1.375467900358518479e-02
5.531450195388741164e+00 1.372209280925822290e-02
5.542513095779519006e+00 1.365207973410284027e-02
5.553598121971077717e+00 1.395331238864500750e-02
5.564705318215019680e+00 1.398356389593711883e-02
5.575834728851449817e+00 1.375203678229195738e-02
5.586986398309152335e+00 1.379940606851576095e-02
5.598160371105771027e+00 1.355331619672230960e-02
5.609356691847982468e+00 1.357993626004005798e-02
5.620575405231678090e+00 1.379094212099555780e-02
5.631816556042141819e+00 1.379832866771299286e-02
5.643080189154225934e+00 1.357571456094514364e-02
5.654366349532534031e+00 1.396775558684893934e-02
5.665675082231598658e+00 1.395852688290866346e-02
5.677006432396061619e+00 1.385906819742020214e-02
5.688360445260853382e+00 1.372455435677936639e-02
5.699737166151375156e+00 1.360450048588664022e-02
5.711136640483678306e+00 1.387722095905389273e-02
5.722558913764645538e+00 1.388780848035732311e-02
5.734004031592174755e+00 1.386187818002932760e-02
5.745472039655359353e+00 1.363125399542023698e-02
5.756962983734670303e+00 1.349452613156616743e-02
5.768476909702139999e+00 1.387973530013271624e-02
5.780013863521544337e+00 1.389961365477157366e-02
5.791573891248587458e+00 1.367810694633768073e-02
5.803157039031084707e+00 1.372922901367892509e-02
5.814763353109146493e+00 1.368133128463420480e-02
5.826392879815364800e+00 1.374352764962571971e-02
5.838045665574995269e+00 1.362265251884688284e-02
5.849721756906145487e+00 1.379571309616017122e-02
5.861421200419957955e+00 1.362211707848533931e-02
5.873144042820797495e+00 1.382322791710713719e-02
5.884890330906438649e+00 1.368687125441043172e-02
5.896660111568251317e+00 1.403433727682540551e-02
5.908453431791388155e+00 1.365731641192692754e-02
5.920270338654971098e+00 1.377117456144319116e-02
5.932110879332281428e+00 1.368461163958906851e-02
5.943975101090946289e+00 1.362708920358342811e-02
5.955863051293127874e+00 1.358391536341257456e-02
5.967774777395714381e+00 1.385160978710512844e-02
5.979710326950505639e+00 1.364374330961536791e-02
5.991669747604406737e+00 1.369692916565696042e-02
6.003653087099615426e+00 1.356606985652020030e-02
6.015660393273814854e+00 1.362035429566791148e-02
6.027691714060362749e+00 1.360435180300241000e-02
6.039747097488483263e+00 1.372690572078837622e-02
6.051826591683460599e+00 1.378091439505341360e-02
6.063930244866827302e+00 1.345981730405281136e-02
6.076058105356560546e+00 1.377688571156274189e-02
6.088210221567273983e+00 1.363626529693143935e-02
6.100386642010408700e+00 1.360120124584004997e-02
6.112587415294429505e+00 1.383206813364496433e-02
6.124812590125018552e+00 1.355339441305769208e-02
6.137062215305268964e+00 1.328765308214862988e-02
6.149336339735879342e+00 1.375976441767508100e-02
6.161635012415350943e+00 1.352490603613624477e-02
6.173958282440181300e+00 1.371686043855123438e-02
6.186306199005061401e+00 1.364439644157822325e-02
6.198678811403071087e+00 1.365377058035197738e-02
6.211076169025877114e+00 1.338052360296857098e-02
6.223498321363928554e+00 1.343567112711778651e-02
6.235945318006656635e+00 1.358402206387759534e-02
6.248417208642670140e+00 1.354645790288081832e-02
6.260914043059955247e+00 1.357642222832722290e-02
6.273435871146075371e+00 1.349419929605172146e-02
6.285982742888367447e+00 1.329060938682250642e-02
6.298554708374144440e+00 1.340539437119999365e-02
6.311151817790892515e+00 1.341240753825605203e-02
6.323774121426474437e+00 1.343618962589177533e-02
6.336421669669327628e+00 1.341433487435841378e-02
6.349094513008666674e+00 1.340281115116057943e-02
6.361792702034684055e+00 1.334497045918892066e-02
6.374516287438753537e+00 1.353746694003231214e-02
6.387265320013630898e+00 1.359012955635310708e-02
6.400039850653658213e+00 1.351659617350197025e-02
6.412839930354965468e+00 1.388514984554616895e-02
6.425665610215675727e+00 1.342004276701434969e-02
6.438516941436106755e+00 1.367351452556921088e-02
6.451393975318978846e+00 1.400980032539039452e-02
6.464296763269616442e+00 1.351619398204279010e-02
6.477225356796155964e+00 1.384571377063731346e-02
6.490179807509748322e+00 1.369293090253923505e-02
6.503160167124767632e+00 1.388043666274751432e-02
6.516166487459017276e+00 1.386379639611270455e-02
6.529198820433935069e+00 1.389100704340512360e-02
6.542257218074802871e+00 1.385619799257138338e-02
6.555341732510952646e+00 1.391983413323629598e-02
6.568452415975974290e+00 1.395630514352933990e-02
6.581589320807926136e+00 1.393467939593980714e-02
6.594752499449541894e+00 1.411231749613299155e-02
6.607942004448441153e+00 1.367953257997689236e-02
6.621157888457338103e+00 1.415632863004018943e-02
6.634400204234252918e+00 1.407701048717441630e-02
6.647669004642721369e+00 1.377885541095492765e-02
6.660964342652007097e+00 1.398160489171007201e-02
6.674286271337311227e+00 1.394550436295845589e-02
6.687634843879985524e+00 1.408263765413360867e-02
6.701010113567745563e+00 1.390200422756493817e-02
6.714412133794881221e+00 1.399168233608553795e-02
6.727840958062470733e+00 1.394439532070516387e-02
6.741296639978595628e+00 1.384254919901274986e-02
6.754779233258553006e+00 1.392485850222642541e-02
6.768288791725070475e+00 1.397982235801666605e-02
6.781825369308520202e+00 1.398725082964278991e-02
6.795389020047137407e+00 1.395544558717973747e-02
6.808979798087231750e+00 1.394416295243163136e-02
6.822597757683405817e+00 1.387662973010247991e-02
6.836242953198772732e+00 1.406315991662132267e-02
6.849915439105170201e+00 1.392304472536503267e-02
6.863615269983380784e+00 1.407534169765357369e-02
6.877342500523347724e+00 1.387932343805952685e-02
6.891097185524394320e+00 1.379733925148862901e-02
6.904879379895443314e+00 1.395953461367323116e-02
6.918689138655234494e+00 1.400462720933183872e-02
6.932526516932544958e+00 1.381290161360106301e-02
6.946391569966410273e+00 1.390441686684702229e-02
6.960284353106342969e+00 1.404798330167200161e-02
6.974204921812555469e+00 1.382024265163791371e-02
6.988153331656180356e+00 1.377409622930489581e-02
7.002129638319492422e+00 1.390362557136461293e-02
7.016133897596131597e+00 1.388725351412670693e-02
7.030166165391324107e+00 1.388672775349233078e-02
7.044226497722107183e+00 1.396681546961070670e-02
7.058314950717551106e+00 1.391415722978135532e-02
7.072431580618986580e+00 1.391006483779297885e-02
7.086576443780224110e+00 1.382966922856381647e-02
7.100749596667784935e+00 1.392271578901469777e-02
7.114951095861120400e+00 1.387414631956340565e-02
7.129180998052842888e+00 1.379115859798101147e-02
7.143439360048948750e+00 1.389182017559664403e-02
7.157726238769046567e+00 1.372855360346810286e-02
7.172041691246584527e+00 1.398291558475059024e-02
7.186385774629077794e+00 1.377983960402260830e-02
7.200758546178335884e+00 1.394061241941334066e-02
7.215160063270692703e+00 1.372890556091262669e-02
7.229590383397233921e+00 1.391093816502687701e-02
7.244049564164028787e+00 1.386042262459919426e-02
7.258537663292356612e+00 1.402432167317150223e-02
7.273054738618941251e+00 1.393201357970018373e-02
7.287600848096179362e+00 1.383108971097602412e-02
7.302176049792371337e+00 1.386184904053104454e-02
7.316780401891955776e+00 1.367538006765812129e-02
7.331413962695739528e+00 1.395289008856809808e-02
7.346076790621131281e+00 1.405110321103057031e-02
7.360768944202373376e+00 1.393848841311692843e-02
7.375490482090778066e+00 1.389976903462231475e-02
7.390241463054959326e+00 1.384230442121337119e-02
7.405021945981069109e+00 1.377600529671420444e-02
7.419831989873030942e+00 1.379919289368533933e-02
7.434671653852777062e+00 1.396200268718001541e-02
7.449540997160482902e+00 1.369599220370857316e-02
7.464440079154804231e+00 1.398803220987263063e-02
7.479368959313113407e+00 1.402957921122295441e-02
7.494327697231739194e+00 1.381246553592373368e-02
7.509316352626203006e+00 1.373683767775635972e-02
7.524334985331455172e+00 1.369730054166578073e-02
7.539383655302118292e+00 1.390874617204906384e-02
7.554462422612722605e+00 1.385821187055060258e-02
7.569571347457948463e+00 1.401867130239427793e-02
7.584710490152864359e+00 1.396150165272221945e-02
7.599879911133170296e+00 1.401504731052097275e-02
7.615079670955436697e+00 1.403524083786701973e-02
7.630309830297347773e+00 1.382466349418467327e-02
7.645570449957942216e+00 1.381784820118308645e-02
7.660861590857858339e+00 1.391313339873815128e-02
7.676183314039573879e+00 1.379541518361194000e-02
7.691535680667652919e+00 1.368579423548902871e-02
7.706918752028988351e+00 1.398131528674563008e-02
7.722332589533046132e+00 1.375501048012679577e-02
7.737777254712112196e+00 1.402181859154122585e-02
7.753252809221536701e+00 1.375658480997890044e-02
7.768759314839980057e+00 1.386728771348424809e-02
7.784296833469659838e+00 1.377398785682873612e-02
7.799865427136599472e+00 1.380075737944793692e-02
7.815465157990872491e+00 1.381940255218216083e-02
7.831096088306853886e+00 1.385283910059442909e-02
7.846758280483467907e+00 1.352938111305298716e-02
7.862451797044434976e+00 1.381163634695758632e-02
7.878176700638523933e+00 1.386760910161306988e-02
7.893933054039800723e+00 1.405996374921383331e-02
7.909720920147880641e+00 1.391827704963545867e-02
7.925540361988176130e+00 1.385940777948340037e-02
7.941391442712152582e+00 1.373513359245057477e-02
7.957274225597577022e+00 1.405186230387067518e-02
7.973188774048772132e+00 1.378421041935676793e-02
7.989135151596869377e+00 1.385212804259924359e-02
8.005113421900063031e+00 1.386740372070699272e-02
8.021123648743863299e+00 1.393906375042008178e-02
8.037165896041351232e+00 1.391019021088648125e-02
8.053240227833434517e+00 1.393646746060306710e-02
8.069346708289101500e+00 1.383336491337037490e-02
8.085485401705680530e+00 1.377919967836045527e-02
8.101656372509092208e+00 1.390106324002419319e-02
8.117859685254110502e+00 1.388541770056377078e-02
8.134095404624618553e+00 1.374300407332698648e-02
8.150363595433868014e+00 1.392789101718902231e-02
8.166664322624736627e+00 1.383239589459362047e-02
8.182997651269985795e+00 1.382405518379421772e-02
8.199363646572525255e+00 1.389571885482081270e-02
8.215762373865670654e+00 1.383695206307545243e-02
8.232193898613401117e+00 1.385828873487562028e-02
8.248658286410627483e+00 1.374179710255823972e-02
8.265155602983448091e+00 1.392651608274380302e-02
8.281685914189415243e+00 1.388057229953274831e-02
8.298249286017794546e+00 1.372633742070789725e-02
8.314845784589829591e+00 1.382592914453874798e-02
8.331475476159008409e+00 1.389447764509509596e-02
8.348138427111326365e+00 1.379608769062473303e-02
8.364834703965549068e+00 1.383975087317330412e-02
8.381564373373480592e+00 1.388635363999039633e-02
8.398327502120228161e+00 1.375843358175374460e-02
8.415124157124468596e+00 1.359061076092167586e-02
8.431954405438718325e+00 1.375445224058267912e-02
8.448818314249596284e+00 1.384836873787326401e-02
8.465715950878095697e+00 1.371216410474049643e-02
8.482647382779852308e+00 1.384296278613506535e-02
8.499612677545412609e+00 1.387213990295575912e-02
8.516611902900503850e+00 1.377325080991319110e-02
8.533645126706304040e+00 1.363028592672866843e-02
8.550712416959717288e+00 1.378611564070848262e-02
8.567813841793636698e+00 1.377371233607547173e-02
8.584949469477223261e+00 1.369868062430364651e-02
8.602119368416177636e+00 1.363684673630553151e-02
8.619323607153010158e+00 1.377765139578317720e-02
8.636562254367316172e+00 1.368201389150196408e-02
8.653835378876051365e+00 1.372941966592729386e-02
8.671143049633803557e+00 1.371191970910728974e-02
8.688485335733071580e+00 1.372447653120077715e-02
8.705862306404537065e+00 1.367261007955027780e-02
8.723274031017346886e+00 1.372543580158156785e-02
8.740720579079381380e+00 1.359860166161941213e-02
8.758202020237540353e+00 1.377598144107588900e-02
8.775718424278014851e+00 1.356968854057553388e-02
8.793269861126571385e+00 1.374782810039817948e-02
8.810856400848823711e+00 1.373421387441665746e-02
8.828478113650520598e+00 1.364356734525454078e-02
8.846135069877821167e+00 1.366964493594735250e-02
8.863827340017577328e+00 1.373034576974757615e-02
8.881554994697612671e+00 1.358169446925001390e-02
8.899318104687008457e+00 1.360153075392298017e-02
8.917116740896382510e+00 1.359885164197119876e-02
8.934950974378175204e+00 1.363007766654186076e-02
8.952820876326931909e+00 1.363765333071808791e-02
8.970726518079585432e+00 1.369943827812603911e-02
8.988667971115743782e+00 1.364923944698823687e-02
9.006645307057974392e+00 1.352959405834713857e-02
9.024658597672090110e+00 1.373792688816979218e-02
9.042707914867433416e+00 1.360233294549174042e-02
9.060793330697167747e+00 1.367325813372936849e-02
9.078914917358561709e+00 1.349857224429173996e-02
9.097072747193278630e+00 1.363823767238823807e-02
9.115266892687664324e+00 1.356439790183592772e-02
9.133497426473040193e+00 1.361177313267445538e-02
9.151764421325985666e+00 1.361687373075691834e-02
9.170067950168638404e+00 1.363192289549560246e-02
9.188408086068974967e+00 1.350851564722225888e-02
9.206784902241112789e+00 1.355775785697994375e-02
9.225198472045594400e+00 1.365350046777842087e-02
9.243648868989685852e+00 1.363671714277348013e-02
9.262136166727664488e+00 1.358591274773566192e-02
9.280660439061119149e+00 1.360640336552726426e-02
9.299221759939241494e+00 1.355367550797428357e-02
9.317820203459119099e+00 1.353680841979514743e-02
9.336455843866037441e+00 1.365560236301426728e-02
9.355128755553769437e+00 1.341368197734959383e-02
9.373839013064877435e+00 1.358662347177306412e-02
9.392586691091008078e+00 1.363494061164934566e-02
9.411371864473190740e+00 1.365161027165804307e-02
9.430194608202137729e+00 1.369020277606507879e-02
9.449054997418542712e+00 1.373550763032925850e-02
9.467953107413379144e+00 1.362367923225799894e-02
9.486889013628205802e+00 1.370801799258249652e-02
9.505862791655461663e+00 1.372829636325967502e-02
9.524874517238773208e+00 1.362522865805286011e-02
9.543924266273251078e+00 1.356897273763607061e-02
9.563012114805797381e+00 1.366434491949691278e-02
9.582138139035409452e+00 1.365113429022507194e-02
9.601302415313480054e+00 1.370271509032572506e-02
9.620505020144106467e+00 1.369029380056498331e-02
9.639746030184394243e+00 1.366842755105112869e-02
9.659025522244762740e+00 1.369677716573786293e-02
9.678343573289252433e+00 1.367686246555910833e-02
9.697700260435830444e+00 1.367512341772307571e-02
9.717095660956701408e+00 1.368637509791949952e-02
9.736529852278614783e+00 1.368946377313541574e-02
9.756002911983172154e+00 1.370373439676501708e-02
9.775514917807138104e+00 1.367781367813704005e-02
9.795065947642752846e+00 1.363533903816337677e-02
9.814656079538037758e+00 1.374453281565669698e-02
9.834285391697113354e+00 1.364438705486534578e-02
9.853953962480508366e+00 1.371035294813640996e-02
9.873661870405468832e+00 1.365526121513648168e-02
9.893409194146279617e+00 1.388582463066245776e-02
9.913196012534571722e+00 1.369668191730729311e-02
9.933022404559640250e+00 1.363112353933525547e-02
9.952888449368758828e+00 1.364938940939897614e-02
9.972794226267495787e+00 1.369155597095022929e-02
9.992739814720030367e+00 1.359561580715987206e-02
1.001272529434947067e+01 1.363376465202628153e-02
