1.000000000000000000e+00 1.674377321160197898e-02
1.002000000000000002e+00 1.674372162620042445e-02
1.004003999999999897e+00 1.674372969733785993e-02
1.006012007999999902e+00 1.674372665445166691e-02
1.008024032015999882e+00 1.674371405349143332e-02
1.010040080080031988e+00 1.674370917818755744e-02
1.012060160240191964e+00 1.674374161527430321e-02
1.014084280560672457e+00 1.674370867296184895e-02
1.016112449121793881e+00 1.674370583058456055e-02
1.018144674020037499e+00 1.674371762093676899e-02
1.020180963368077620e+00 1.674373453222226596e-02
1.022221325294813798e+00 1.674370529943763550e-02
1.024265767945403471e+00 1.674369833621847103e-02
1.026314299481294379e+00 1.674371655031919870e-02
1.028366928080256981e+00 1.674372259987919748e-02
1.030423661936417545e+00 1.674369746548394142e-02
1.032484509260290340e+00 1.674369450415294502e-02
1.034549478278810941e+00 1.674370305259785530e-02
1.036618577235368654e+00 1.674369898768377288e-02
1.038691814389839374e+00 1.674369811397141000e-02
1.040769198018619113e+00 1.674369060041724921e-02
1.042850736414656421e+00 1.674369887256820302e-02
1.044936437887485692e+00 1.674369393961747804e-02
1.047026310763260692e+00 1.674368863008656588e-02
1.049120363384787202e+00 1.674369321011824271e-02
1.051218604111556765e+00 1.674368859708588037e-02
1.053321041319779772e+00 1.674369368556721804e-02
1.055427683402419436e+00 1.674368515933018220e-02
1.057538538769224212e+00 1.674368786288432664e-02
1.059653615846762653e+00 1.674368429027905600e-02
1.061772923078456277e+00 1.674368714621574106e-02
1.063896468924613092e+00 1.674368921893006762e-02
1.066024261862462241e+00 1.674368636111352865e-02
1.068156310386187080e+00 1.674368276900938327e-02
1.070292623006959376e+00 1.674368195923275210e-02
1.072433208252973280e+00 1.674368866821856344e-02
1.074578074669479300e+00 1.674369439842128549e-02
1.076727230818818271e+00 1.674368559713520013e-02
1.078880685280455998e+00 1.674368504722022546e-02
1.081038446651017004e+00 1.674368161378537653e-02
1.083200523544318949e+00 1.674368340761095766e-02
1.085366924591407489e+00 1.674368773264063234e-02
1.087537658440590249e+00 1.674368365859201999e-02
1.089712733757471463e+00 1.674374783613291964e-02
1.091892159224986392e+00 1.674370247747581850e-02
1.094075943543436402e+00 1.674374886929425391e-02
1.096264095430523167e+00 1.674385817543729005e-02
1.098456623621384187e+00 1.674376603488850201e-02
1.100653536868626992e+00 1.674379891477809773e-02
1.102854843942364216e+00 1.674378337396738650e-02
1.105060553630248910e+00 1.674370883667837540e-02
1.107270674737509397e+00 1.674383952799361405e-02
1.109485216086984360e+00 1.674389280654181578e-02
1.111704186519158366e+00 1.674371997537672449e-02
1.113927594892196726e+00 1.674397870337818867e-02
1.116155450081981026e+00 1.674397801852557655e-02
1.118387760982145096e+00 1.674396480659228262e-02
1.120624536504109425e+00 1.674391752095421432e-02
1.122865785577117581e+00 1.674418944727863040e-02
1.125111517148271734e+00 1.674390329654826953e-02
1.127361740182568184e+00 1.674391391870310927e-02
1.129616463662933334e+00 1.674419874693178559e-02
1.131875696590259217e+00 1.674402941053955776e-02
1.134139447983439686e+00 1.674414215570375550e-02
1.136407726879406610e+00 1.674384538847330586e-02
1.138680542333165402e+00 1.674391001454664935e-02
1.140957903417831654e+00 1.674390364333395650e-02
1.143239819224667331e+00 1.674399761455796706e-02
1.145526298863116743e+00 1.674398253321018881e-02
1.147817351460842961e+00 1.674379586496585123e-02
1.150112986163764672e+00 1.674387501458803745e-02
1.152413212136092158e+00 1.674394288798681379e-02
1.154718038560364368e+00 1.674391458053774845e-02
1.157027474637485120e+00 1.674392421421372693e-02
1.159341529586760178e+00 1.674394218797869635e-02
1.161660212645933665e+00 1.674381467028394563e-02
1.163983533071225596e+00 1.674385930016017432e-02
1.166311500137368062e+00 1.674382474136391560e-02
1.168644123137642765e+00 1.674427434806966333e-02
1.170981411383918092e+00 1.674388163246565836e-02
1.173323374206685976e+00 1.674401808853780496e-02
1.175670020955099426e+00 1.674400268700947450e-02
1.178021360997009603e+00 1.674404461538632830e-02
1.180377403719003571e+00 1.674386911677600703e-02
1.182738158526441596e+00 1.674380947209851145e-02
1.185103634843494458e+00 1.674385517458927553e-02
1.187473842113181410e+00 1.674383534895235517e-02
1.189848789797407713e+00 1.674385333896363792e-02
1.192228487377002599e+00 1.674382264740725476e-02
1.194612944351756578e+00 1.674376868835718637e-02
1.197002170240460073e+00 1.674383959402400701e-02
1.199396174580940944e+00 1.674399224574391401e-02
1.201794966930102904e+00 1.674383648325504167e-02
1.204198556863963043e+00 1.674378546061038378e-02
1.206606953977690910e+00 1.674387502799545152e-02
1.209020167885646257e+00 1.674376042650242008e-02
1.211438208221417456e+00 1.674381154101826918e-02
1.213861084637860355e+00 1.674376484189493697e-02
1.216288806807136025e+00 1.674377244132401257e-02
1.218721384420750287e+00 1.674375388127605224e-02
1.221158827189591678e+00 1.674380910472528586e-02
1.223601144843970756e+00 1.674379077707583915e-02
1.226048347133658734e+00 1.674375029246710431e-02
1.228500443827926114e+00 1.674374503664660327e-02
1.230957444715581994e+00 1.674373780923738009e-02
1.233419359605013144e+00 1.674375556435990509e-02
1.235886198324223084e+00 1.674373276497886920e-02
1.238357970720871615e+00 1.674372258345050227e-02
1.240834686662313446e+00 1.674372229619555327e-02
1.243316356035638170e+00 1.674375977032142859e-02
1.245802988747709339e+00 1.674372710025829811e-02
1.248294594725204654e+00 1.674374823049978520e-02
1.250791183914655047e+00 1.674371077218230267e-02
1.253292766282484427e+00 1.674370858705699974e-02
1.255799351815049425e+00 1.674370257074439886e-02
1.258310950518679583e+00 1.674373664690789743e-02
1.260827572419716880e+00 1.674371219975384628e-02
1.263349227564556365e+00 1.674371409211236270e-02
1.265875926019685460e+00 1.674373818777928624e-02
1.268407677871724815e+00 1.674371979067585878e-02
1.270944493227468275e+00 1.674372064040765065e-02
1.273486382213923296e+00 1.674373879762965436e-02
1.276033354978351131e+00 1.674373675704828035e-02
1.278585421688307910e+00 1.674372049347722796e-02
1.281142592531684610e+00 1.674371950059574954e-02
1.283704877716747905e+00 1.674375460425022583e-02
1.286272287472181475e+00 1.674379200953705210e-02
1.288844832047125744e+00 1.674372198649654725e-02
1.291422521711220073e+00 1.674371218112962606e-02
1.294005366754642505e+00 1.674372273388557292e-02
1.296593377488151733e+00 1.674372887222856307e-02
1.299186564243127950e+00 1.674380667236895909e-02
1.301784937371614159e+00 1.674372842983038942e-02
1.304388507246357465e+00 1.674378529000594001e-02
1.306997284260850156e+00 1.674384429906394106e-02
1.309611278829371894e+00 1.674380477403627360e-02
1.312230501387030568e+00 1.674374287092139299e-02
1.314854962389804705e+00 1.674385360002509510e-02
1.317484672314584326e+00 1.674372718837470117e-02
1.320119641659213583e+00 1.674388639278627522e-02
1.322759880942532051e+00 1.674374922842801830e-02
1.325405400704417147e+00 1.674444785650293019e-02
1.328056211505826090e+00 1.674410372295299584e-02
1.330712323928837648e+00 1.674402723472218774e-02
1.333373748576695217e+00 1.674464658964469263e-02
1.336040496073848560e+00 1.674772308960620695e-02
1.338712577065996223e+00 1.674550428039798741e-02
1.341390002220128164e+00 1.674599025892392623e-02
1.344072782224568385e+00 1.674544028715163266e-02
1.346760927789017570e+00 1.675057344514972041e-02
1.349454449644595710e+00 1.674481878482637909e-02
1.352153358543884965e+00 1.674652650701791839e-02
1.354857665260972732e+00 1.674940567103276948e-02
1.357567380591494732e+00 1.674615568335999921e-02
1.360282515352677635e+00 1.674591881610614647e-02
1.363003080383383026e+00 1.674510342447851560e-02
1.365729086544149817e+00 1.674504122912796183e-02
1.368460544717238214e+00 1.674811495787595708e-02
1.371197465806672788e+00 1.674615636910023464e-02
1.373939860738286223e+00 1.674687257358674006e-02
1.376687740459762832e+00 1.674587705085724479e-02
1.379441115940682305e+00 1.674488448618339370e-02
1.382199998172563671e+00 1.674526743151249358e-02
1.384964398168908817e+00 1.675157435437690107e-02
1.387734326965246678e+00 1.674495670297325434e-02
1.390509795619177202e+00 1.674594213247739341e-02
1.393290815210415534e+00 1.674468344562920347e-02
1.396077396840836427e+00 1.674472526053102234e-02
1.398869551634518205e+00 1.674686300311829454e-02
1.401667290737787175e+00 1.674580375473122551e-02
1.404470625319262700e+00 1.674872816961915298e-02
1.407279566569901164e+00 1.675004658991215492e-02
1.410094125703041046e+00 1.674547808869148585e-02
1.412914313954447110e+00 1.674575702875786762e-02
1.415740142582355920e+00 1.674583351705908468e-02
1.418571622867520698e+00 1.674534834923764245e-02
1.421408766113255728e+00 1.674718686746862889e-02
1.424251583645482322e+00 1.674747933223348292e-02
1.427100086812773228e+00 1.674733158747673811e-02
1.429954286986398815e+00 1.674624280411739566e-02
1.432814195560371706e+00 1.674842302673376984e-02
1.435679823951492518e+00 1.674580440644054397e-02
1.438551183599395600e+00 1.674546884152677481e-02
1.441428285966594336e+00 1.674695132918093896e-02
1.444311142538527548e+00 1.674752852237406525e-02
1.447199764823604573e+00 1.674647788660869885e-02
1.450094164353251891e+00 1.674617091973554239e-02
1.452994352681958423e+00 1.674477839350514696e-02
1.455900341387322383e+00 1.674604395391127501e-02
1.458812142070097018e+00 1.674522149618510453e-02
1.461729766354237237e+00 1.674756100545519988e-02
1.464653225886945798e+00 1.674523380535877792e-02
1.467582532338719714e+00 1.674529790607054425e-02
1.470517697403397106e+00 1.674556932374033497e-02
1.473458732798203830e+00 1.674561723664461099e-02
1.476405650263800329e+00 1.674678335100465709e-02
1.479358461564327820e+00 1.674591999731278244e-02
1.482317178487456477e+00 1.674582181568625219e-02
1.485281812844431393e+00 1.674516130865586622e-02
1.488252376470120319e+00 1.674598668045452349e-02
1.491228881223060521e+00 1.674445130538093282e-02
1.494211338985506732e+00 1.674581648022772581e-02
1.497199761663477791e+00 1.674504303414138875e-02
1.500194161186804820e+00 1.674495708744764416e-02
1.503194549509178524e+00 1.674465171659178173e-02
1.506200938608196926e+00 1.674518417704188786e-02
1.509213340485413335e+00 1.674437188588277434e-02
1.512231767166384078e+00 1.674435713079507407e-02
1.515256230700716911e+00 1.674473069558789218e-02
1.518286743162118313e+00 1.674454753066672436e-02
1.521323316648442558e+00 1.674436686268101354e-02
1.524365963281739456e+00 1.674476116163885545e-02
1.527414695208302975e+00 1.674511818203100466e-02
1.530469524598719655e+00 1.674431713012248385e-02
1.533530463647917008e+00 1.674434432362547145e-02
1.536597524575212814e+00 1.674480034329171169e-02
1.539670719624363304e+00 1.674456001000987002e-02
1.542750061063612010e+00 1.674442411880505341e-02
1.545835561185739282e+00 1.674427276557829969e-02
1.548927232308110691e+00 1.674459834732088329e-02
1.552025086772726992e+00 1.674427366322907632e-02
1.555129136946272528e+00 1.674413250614377804e-02
1.558239395220164969e+00 1.674443581785569485e-02
1.561355874010605271e+00 1.674419328000555096e-02
1.564478585758626528e+00 1.674408737885951445e-02
1.567607542930143705e+00 1.674399368116068210e-02
1.570742758016004048e+00 1.674407285668648784e-02
1.573884243532036153e+00 1.674412847215394837e-02
1.577032012019100149e+00 1.674407208248324466e-02
1.580186076043138321e+00 1.674418171094206251e-02
1.583346448195224632e+00 1.674401923085364410e-02
1.586513141091615120e+00 1.674411245146817384e-02
1.589686167373798309e+00 1.674399815758437562e-02
1.592865539708545830e+00 1.674394083329588251e-02
1.596051270787962828e+00 1.674398593532132676e-02
1.599243373329538809e+00 1.674401039643390668e-02
1.602441860076197822e+00 1.674400398560494177e-02
1.605646743796350195e+00 1.674398432719856333e-02
1.608858037283942943e+00 1.674388359528514170e-02
1.612075753358510832e+00 1.674397117564484228e-02
1.615299904865227898e+00 1.674391403972190495e-02
1.618530504674958292e+00 1.674391923658895970e-02
1.621767565684308243e+00 1.674396112129866721e-02
1.625011100815676901e+00 1.674389080863120452e-02
1.628261123017308298e+00 1.674387928541534384e-02
1.631517645263342864e+00 1.674383760296068585e-02
1.634780680553869603e+00 1.674388306136442850e-02
1.638050241914977390e+00 1.674384106823515947e-02
1.641326342398807370e+00 1.674384671983988535e-02
1.644608995083604919e+00 1.674384952382806935e-02
1.647898213073772045e+00 1.674381822991026850e-02
1.651194009499919568e+00 1.674382067704134960e-02
1.654496397518919304e+00 1.674383511149832304e-02
1.657805390313957128e+00 1.674384851625735152e-02
1.661121001094584937e+00 1.674383616709838180e-02
1.664443243096774161e+00 1.674378056981518093e-02
1.667772129582967722e+00 1.674379316068468071e-02
1.671107673842133767e+00 1.674388144070180703e-02
1.674449889189818075e+00 1.674389257686818150e-02
1.677798788968197785e+00 1.674379611432690387e-02
1.681154386546134250e+00 1.674378818160165983e-02
1.684516695319226542e+00 1.674378499351743960e-02
1.687885728709864974e+00 1.674375920637121914e-02
1.691261500167284604e+00 1.674374094170824959e-02
1.694644023167619196e+00 1.674378623126951057e-02
1.698033311213954510e+00 1.674386513726754816e-02
1.701429377836382484e+00 1.674383052544180586e-02
1.704832236592055184e+00 1.674383151743345441e-02
1.708241901065239210e+00 1.674421796440237267e-02
1.711658384867369653e+00 1.674406132438806608e-02
1.715081701637104494e+00 1.674409852253018471e-02
1.718511865040378783e+00 1.674431289724280514e-02
1.721948888770459485e+00 1.674378577846005051e-02
1.725392786548000323e+00 1.674394604235844922e-02
1.728843572121096406e+00 1.674443467652206308e-02
1.732301259265338622e+00 1.674470907322395813e-02
1.735765861783869379e+00 1.674408841720936153e-02
1.739237393507437224e+00 1.674407662006408004e-02
1.742715868294452131e+00 1.674534003642934310e-02
1.746201300031041015e+00 1.674472627741663971e-02
1.749693702631103021e+00 1.674466630756667532e-02
1.753193090036365254e+00 1.674475965826586338e-02
1.756699476216438072e+00 1.674542596634486652e-02
1.760212875168871038e+00 1.674416013925774521e-02
1.763733300919208880e+00 1.674402289176367062e-02
1.767260767521047216e+00 1.674608480714117123e-02
1.770795289056089405e+00 1.674473961547506828e-02
1.774336879634201614e+00 1.674546220715058750e-02
1.777885553393470097e+00 1.674702438444673411e-02
1.781441324500256940e+00 1.675161908152192694e-02
1.785004207149257560e+00 1.674760653780309541e-02
1.788574215563556002e+00 1.674593091765576996e-02
1.792151363994683111e+00 1.674738672588943142e-02
1.795735666722672486e+00 1.674610077166399300e-02
1.799327138056117770e+00 1.674908302133679486e-02
1.802925792332229937e+00 1.675159521013006372e-02
1.806531643916894359e+00 1.675084288044403902e-02
1.810144707204728087e+00 1.674626010997825459e-02
1.813764996619137593e+00 1.674582404105594974e-02
1.817392526612375825e+00 1.674904022745700091e-02
1.821027311665600612e+00 1.674750820562460191e-02
1.824669366288931727e+00 1.674608440407560767e-02
1.828318705021509505e+00 1.674721547250829223e-02
1.831975342431552578e+00 1.674830869029147670e-02
1.835639293116415605e+00 1.674600395338370767e-02
1.839310571702648334e+00 1.675296440408158977e-02
1.842989192846053559e+00 1.674810042461912299e-02
1.846675171231745738e+00 1.674794244750615196e-02
1.850368521574209169e+00 1.675053911257395542e-02
1.854069258617357496e+00 1.675565130527121444e-02
1.857777397134592112e+00 1.675416637513069129e-02
1.861492951928861217e+00 1.675566332512594750e-02
1.865215937832718884e+00 1.675328565175484424e-02
1.868946369708384347e+00 1.674681720258678480e-02
1.872684262447801062e+00 1.675014101770279720e-02
1.876429630972696661e+00 1.675278792555766338e-02
1.880182490234642012e+00 1.674837350131752958e-02
1.883942855215111400e+00 1.674622995865096553e-02
1.887710740925541586e+00 1.674668759219815131e-02
1.891486162407392646e+00 1.674804014251947415e-02
1.895269134732207483e+00 1.674580393098132336e-02
1.899059673001672000e+00 1.674682999081385237e-02
1.902857792347675270e+00 1.675099747512467929e-02
1.906663507932370605e+00 1.674970861715043002e-02
1.910476834948235281e+00 1.674734914970575986e-02
1.914297788618131824e+00 1.674633152371212894e-02
1.918126384195368184e+00 1.674610860726852626e-02
1.921962636963759019e+00 1.674569956985567584e-02
1.925806562237686537e+00 1.674709907161522210e-02
1.929658175362161998e+00 1.674651532211180946e-02
1.933517491712886338e+00 1.674813966261707449e-02
1.937384526696312115e+00 1.674622096222933357e-02
1.941259295749704794e+00 1.674922141798200481e-02
1.945141814341204256e+00 1.674771344293725372e-02
1.949032097969886745e+00 1.674876370681532139e-02
1.952930162165826600e+00 1.675384754285884695e-02
1.956836022490158200e+00 1.675185434746344695e-02
1.960749694535138588e+00 1.675472039592799597e-02
1.964671193924208970e+00 1.675522273655114663e-02
1.968600536312057336e+00 1.674961726932436973e-02
1.972537737384681522e+00 1.674718731728280438e-02
1.976482812859450933e+00 1.675239189089305220e-02
1.980435778485169829e+00 1.675558831443468844e-02
1.984396650042140164e+00 1.674689160506723576e-02
1.988365443342224426e+00 1.674990284243914329e-02
1.992342174228908913e+00 1.674899076406887941e-02
1.996326858577366803e+00 1.674745077393910431e-02
2.000319512294521651e+00 1.675058349929981968e-02
2.004320151319110899e+00 1.674851657153785672e-02
2.008328791621749154e+00 1.674946878115454729e-02
2.012345449204992587e+00 1.675009910527326673e-02
2.016370140103402431e+00 1.675063225983160903e-02
2.020402880383609379e+00 1.675218802413412991e-02
2.024443686144376642e+00 1.674734265410090725e-02
2.028492573516665232e+00 1.674705914812032667e-02
2.032549558663698352e+00 1.674781357843932103e-02
2.036614657781025794e+00 1.674656466950049868e-02
2.040687887096587882e+00 1.674799177450727455e-02
2.044769262870781201e+00 1.674905445306865484e-02
2.048858801396522544e+00 1.674809133345929804e-02
2.052956518999315527e+00 1.674675841620132735e-02
2.057062432037314093e+00 1.674676238732781403e-02
2.061176556901388679e+00 1.674720180442109546e-02
2.065298910015191503e+00 1.674648632438863888e-02
2.069429507835221838e+00 1.674668895304797997e-02
2.073568366850892186e+00 1.674735580758060505e-02
2.077715503584594003e+00 1.674652591548535935e-02
2.081870934591762978e+00 1.674619445599398807e-02
2.086034676460946535e+00 1.674588961679658594e-02
2.090206745813868228e+00 1.674621095801182014e-02
2.094387159305496127e+00 1.674595238785669266e-02
2.098575933624107215e+00 1.674551227098798611e-02
2.102773085491355332e+00 1.674544493648371171e-02
2.106978631662338231e+00 1.674511287172731483e-02
2.111192588925662861e+00 1.674525183594796282e-02
2.115414974103514201e+00 1.674501971294620889e-02
2.119645804051721427e+00 1.674504209902044280e-02
2.123885095659824973e+00 1.674493943439253965e-02
2.128132865851144473e+00 1.674482915867047186e-02
2.132389131582846709e+00 1.674485983082392784e-02
2.136653909846012223e+00 1.674456276807536823e-02
2.140927217665704152e+00 1.674485496416892871e-02
2.145209072101035730e+00 1.674438249328978265e-02
2.149499490245237787e+00 1.674456183211021909e-02
2.153798489225728474e+00 1.674431801604994025e-02
2.158106086204179874e+00 1.674433082342089568e-02
2.162422298376588170e+00 1.674441796903349683e-02
2.166747142973341145e+00 1.674427061808755196e-02
2.171080637259287904e+00 1.674435225148375797e-02
2.175422798533806379e+00 1.674425971584765638e-02
2.179773644130873933e+00 1.674424740177553675e-02
2.184133191419135755e+00 1.674421636694593471e-02
2.188501457801974137e+00 1.674416409596636915e-02
2.192878460717578193e+00 1.674436446602247178e-02
2.197264217639013140e+00 1.674438440332160979e-02
2.201658746074291351e+00 1.674415165100310438e-02
2.206062063566439857e+00 1.674405979528605440e-02
2.210474187693572734e+00 1.674423738442169102e-02
2.214895136068959935e+00 1.674414635027476894e-02
2.219324926341097903e+00 1.674439026108593895e-02
2.223763576193780178e+00 1.674405963044511142e-02
2.228211103346167565e+00 1.674404680974747942e-02
2.232667525552860077e+00 1.674409068603633852e-02
2.237132860603965767e+00 1.674391479926896215e-02
2.241607126325173560e+00 1.674448176056219859e-02
2.246090340577823863e+00 1.674390182529856760e-02
2.250582521258979618e+00 1.674415899390592141e-02
2.255083686301497359e+00 1.674408335956642513e-02
2.259593853674100483e+00 1.674398287380181663e-02
2.264113041381448532e+00 1.674431315713778567e-02
2.268641267464211353e+00 1.674425968962512182e-02
2.273178549999139708e+00 1.674399751431518424e-02
2.277724907099138107e+00 1.674395123707024535e-02
2.282280356913336306e+00 1.674394645230359302e-02
2.286844917627163021e+00 1.674409078591497860e-02
2.291418607462417434e+00 1.674434284153658928e-02
2.296001444677342462e+00 1.674585188869704214e-02
2.300593447566697147e+00 1.674642407162367161e-02
2.305194634461830372e+00 1.674436266659468792e-02
2.309805023730754137e+00 1.674705112543662874e-02
2.314424633778215501e+00 1.674597547927138969e-02
2.319053483045772079e+00 1.674767854685074719e-02
2.323691590011863539e+00 1.674773802149396792e-02
2.328338973191887096e+00 1.674879395923738884e-02
2.332995651138270787e+00 1.674493275715571022e-02
2.337661642440547194e+00 1.674600037294757260e-02
2.342336965725428488e+00 1.674419987689156411e-02
2.347021639656879266e+00 1.674610893067290593e-02
2.351715682936192930e+00 1.674673856547240561e-02
2.356419114302065410e+00 1.674754160413856330e-02
2.361131952530669320e+00 1.674637142621343208e-02
2.365854216435730795e+00 1.674628426980211138e-02
2.370585924868602312e+00 1.674695657333794691e-02
2.375327096718339526e+00 1.674537505918649929e-02
2.380077750911776313e+00 1.674457773737201075e-02
2.384837906413599828e+00 1.674540849545270299e-02
2.389607582226426885e+00 1.674881107075209055e-02
2.394386797390879895e+00 1.674554758683864317e-02
2.399175570985661476e+00 1.674576690991033331e-02
2.403973922127632612e+00 1.674798326418178857e-02
2.408781869971887701e+00 1.674836485161090502e-02
2.413599433711831388e+00 1.675106515211453179e-02
2.418426632579254942e+00 1.674707612436830348e-02
2.423263485844413534e+00 1.674973395939232876e-02
2.428110012816102170e+00 1.675067878956509534e-02
2.432966232841734300e+00 1.674793925331663144e-02
2.437832165307417753e+00 1.675108336245526366e-02
2.442707829638032457e+00 1.675817261757371265e-02
2.447593245297308595e+00 1.675354871298837325e-02
2.452488431787903433e+00 1.676160117944963321e-02
2.457393408651479039e+00 1.674699348539420221e-02
2.462308195468782213e+00 1.675249228295771012e-02
2.467232811859719988e+00 1.676015382013106708e-02
2.472167277483439563e+00 1.675468997269832436e-02
2.477111612038406463e+00 1.674913664078238329e-02
2.482065835262483144e+00 1.676115013731917236e-02
2.487029966933008041e+00 1.676118365673150493e-02
2.492004026866874167e+00 1.675255808566625260e-02
2.496988034920607724e+00 1.677697274647857797e-02
2.501982010990448924e+00 1.675264311369759757e-02
2.506985975012429702e+00 1.679693363702381564e-02
2.511999946962454544e+00 1.678340976589519015e-02
2.517023946856379535e+00 1.674663538526292850e-02
2.522057994750092291e+00 1.678550110706722442e-02
2.527102110739592344e+00 1.677083954669376237e-02
2.532156314961071519e+00 1.676447074807107390e-02
2.537220627590993871e+00 1.677278451836027723e-02
2.542295068846176065e+00 1.681824032192998780e-02
2.547379658983868200e+00 1.680007735759404125e-02
2.552474418301835968e+00 1.679511737978822347e-02
2.557579367138439697e+00 1.675392394918999092e-02
2.562694525872716511e+00 1.689023812664799257e-02
2.567819914924462044e+00 1.677883408942461990e-02
2.572955554754310814e+00 1.680564315449260479e-02
2.578101465863819275e+00 1.677189596465724838e-02
2.583257668795547080e+00 1.677378212458073906e-02
2.588424184133138350e+00 1.676385250553565423e-02
2.593601032501404724e+00 1.676258992587143296e-02
2.598788234566407507e+00 1.675126713160230915e-02
2.603985811035540276e+00 1.676762727772398640e-02
2.609193782657611482e+00 1.678262461812638981e-02
2.614412170222926601e+00 1.675163318007528990e-02
2.619640994563372516e+00 1.675894718602775196e-02
2.624880276552499225e+00 1.675322140945383412e-02
2.630130037105604224e+00 1.676587454171702893e-02
2.635390297179815544e+00 1.675475534493236704e-02
2.640661077774175247e+00 1.676401144206492513e-02
2.645942399929723798e+00 1.676518661427875770e-02
2.651234284729583113e+00 1.676365695284260521e-02
2.656536753299042264e+00 1.678327285313905778e-02
2.661849826805640529e+00 1.679920403701576012e-02
2.667173526459251764e+00 1.682376491127234724e-02
2.672507873512170118e+00 1.680662017098918590e-02
2.677852889259194402e+00 1.684699114516247098e-02
2.683208595037712918e+00 1.689445036688572502e-02
2.688575012227788275e+00 1.681962545826835506e-02
2.693952162252243987e+00 1.687356672628875093e-02
2.699340066576748409e+00 1.682029898294614897e-02
2.704738746709901775e+00 1.686524883359909535e-02
2.710148224203321465e+00 1.681910565953074685e-02
2.715568520651728157e+00 1.684362517127247980e-02
2.720999657693031537e+00 1.685172890498045847e-02
2.726441657008417785e+00 1.684849753388030155e-02
2.731894540322434839e+00 1.680831629987761255e-02
2.737358329403079882e+00 1.683327615166924432e-02
2.742833046061885938e+00 1.681883263101072515e-02
2.748318712154009802e+00 1.681178389640425666e-02
2.753815349578317750e+00 1.682131922782821240e-02
2.759322980277474358e+00 1.681431373165302029e-02
2.764841626238029093e+00 1.683079897549351334e-02
2.770371309490505141e+00 1.685704855577167816e-02
2.775912052109485995e+00 1.681093230875804409e-02
2.781463876213705166e+00 1.683218607209326090e-02
2.787026803966132782e+00 1.683290524897656376e-02
2.792600857574064843e+00 1.681521877977551829e-02
2.798186059289212935e+00 1.680832456788881185e-02
2.803782431407791265e+00 1.688905166756533155e-02
2.809389996270606815e+00 1.682108478749754638e-02
2.815008776263148160e+00 1.681096477464907521e-02
2.820638793815674283e+00 1.690167681790962287e-02
2.826280071403305616e+00 1.679764845634167808e-02
2.831932631546112411e+00 1.680804144046825141e-02
2.837596496809204449e+00 1.691564179363169024e-02
2.843271689802822966e+00 1.682388888589196607e-02
2.848958233182428579e+00 1.679031946422905250e-02
2.854656149648793217e+00 1.689716062369641184e-02
2.860365461948090715e+00 1.678806147675969071e-02
2.866086192871986960e+00 1.681160700851438636e-02
2.871818365257730932e+00 1.682732766495202356e-02
2.877562001988246188e+00 1.682763620375991864e-02
2.883317125992222785e+00 1.678873105632306198e-02
2.889083760244207433e+00 1.686001201825415921e-02
2.894861927764695864e+00 1.677633599817505983e-02
2.900651651620225202e+00 1.679685919541188191e-02
2.906452954923465448e+00 1.679216470547440984e-02
2.912265860833312292e+00 1.677421158544786101e-02
2.918090392554979040e+00 1.680415475776144557e-02
2.923926573340088986e+00 1.678876269193799523e-02
2.929774426486769112e+00 1.683335977414904261e-02
2.935633975339742463e+00 1.677038913922326846e-02
2.941505243290421845e+00 1.681990746665762426e-02
2.947388253777002642e+00 1.683273301083340959e-02
2.953283030284556521e+00 1.678539045662611612e-02
2.959189596345125572e+00 1.677869663239108314e-02
2.965107975537816021e+00 1.677165898210712311e-02
2.971038191488891478e+00 1.677140753349942032e-02
2.976980267871869312e+00 1.676636086558765809e-02
2.982934228407613020e+00 1.678972253366653802e-02
2.988900096864428146e+00 1.681771464342758649e-02
2.994877897058156879e+00 1.676099724217215703e-02
3.000867652852273082e+00 1.677070749200583119e-02
3.006869388157977774e+00 1.678854871864926199e-02
3.012883126934293720e+00 1.675884795239419162e-02
3.018908893188162246e+00 1.675756865697638001e-02
3.024946710974538711e+00 1.676229268213981841e-02
3.030996604396487992e+00 1.679684268799765470e-02
3.037058597605280852e+00 1.675899832609092227e-02
3.043132714800491634e+00 1.677545986790442145e-02
3.049218980230092413e+00 1.677557589898213269e-02
3.055317418190552470e+00 1.674967834829441463e-02
3.061428053026933771e+00 1.676340683135605150e-02
3.067550909132987780e+00 1.675376544541577750e-02
3.073686010951253600e+00 1.676510684096238490e-02
3.079833382973156120e+00 1.675989113656121618e-02
3.085993049739102378e+00 1.675869122091283928e-02
3.092165035838580600e+00 1.676860203804524801e-02
3.098349365910257891e+00 1.676504475316712220e-02
3.104546064642078385e+00 1.675280108903199824e-02
3.110755156771362717e+00 1.676175868221297868e-02
3.116976667084905284e+00 1.675667736984587028e-02
3.123210620419075045e+00 1.675505420002905074e-02
3.129457041659913230e+00 1.675865369066075958e-02
3.135715955743233252e+00 1.675887346286011534e-02
3.141987387654719743e+00 1.675678163756450303e-02
3.148271362430029363e+00 1.675724423993362605e-02
3.154567905154889385e+00 1.675472611291448782e-02
3.160877040965198947e+00 1.675432463953136289e-02
3.167198795047129423e+00 1.675399161243500135e-02
3.173533192637223888e+00 1.674847565830171747e-02
3.179880259022498379e+00 1.675284842553187784e-02
3.186240019540543589e+00 1.675397159983548975e-02
3.192612499579624785e+00 1.675208579224123084e-02
3.198997724578783952e+00 1.675142464692442115e-02
3.205395720027941486e+00 1.675279113172584503e-02
3.211806511467997449e+00 1.675221293468866571e-02
3.218230124490933264e+00 1.675474992010446765e-02
3.224666584739915187e+00 1.675365187639897210e-02
3.231115917909395119e+00 1.674728444119779475e-02
3.237578149745214073e+00 1.675046524699908349e-02
3.244053306044704321e+00 1.674933112325102322e-02
3.250541412656793749e+00 1.674972681352214499e-02
3.257042495482107558e+00 1.675075853975877688e-02
3.263556580473071733e+00 1.674868382032307021e-02
3.270083693634017852e+00 1.674845109917733402e-02
3.276623861021285666e+00 1.675201935872618758e-02
3.283177108743328354e+00 1.674722108008060845e-02
3.289743462960815101e+00 1.674634656274478009e-02
3.296322949886736797e+00 1.674740765427231229e-02
3.302915595786510394e+00 1.674795435036232835e-02
3.309521426978083269e+00 1.674927720716370624e-02
3.316140469832039361e+00 1.674936077479070168e-02
3.322772750771703532e+00 1.674789804528984197e-02
3.329418296273246813e+00 1.674765445396535213e-02
3.336077132865793438e+00 1.674925595431739703e-02
3.342749287131525193e+00 1.674859827847632876e-02
3.349434785705788453e+00 1.674779537766127313e-02
3.356133655277199868e+00 1.674879414424629287e-02
3.362845922587754277e+00 1.674731580733226921e-02
3.369571614432929962e+00 1.674863431859584945e-02
3.376310757661795670e+00 1.674677080076992716e-02
3.383063379177119412e+00 1.674603813034556202e-02
3.389829505935473719e+00 1.674683680937542538e-02
3.396609164947344883e+00 1.674778212953741130e-02
3.403402383277239540e+00 1.674706483756666087e-02
3.410209188043793915e+00 1.674662878664272617e-02
3.417029606419881294e+00 1.674725850678909084e-02
3.423863665632721265e+00 1.674614337011277182e-02
3.430711392963986750e+00 1.674642543393962263e-02
3.437572815749914579e+00 1.674601601466167364e-02
3.444447961381414292e+00 1.674844200745913975e-02
3.451336857304176942e+00 1.674591636787855359e-02
3.458239531018785229e+00 1.674770195210897525e-02
3.465156010080822746e+00 1.674826006548388660e-02
3.472086322100984557e+00 1.674512758126227296e-02
3.479030494745186441e+00 1.674591227372266081e-02
3.485988555734676808e+00 1.674611188076394891e-02
3.492960532846146382e+00 1.674848691386488647e-02
3.499946453911838784e+00 1.674720756521034040e-02
3.506946346819662441e+00 1.674550640451562961e-02
3.513960239513301609e+00 1.674620671841349495e-02
3.520988159992328281e+00 1.674572817901869362e-02
3.528030136312312770e+00 1.674694004693841332e-02
3.535086196584937390e+00 1.674523396147111279e-02
3.542156368978107484e+00 1.674647888450308403e-02
3.549240681716063772e+00 1.674502757345415482e-02
3.556339163079496046e+00 1.674550854928330904e-02
3.563451841405655074e+00 1.674549872032226813e-02
3.570578745088466288e+00 1.674599847372386374e-02
3.577719902578643030e+00 1.674582125561067947e-02
3.584875342383800234e+00 1.674527674924012818e-02
3.592045093068567674e+00 1.674527788301504241e-02
3.599229183254704978e+00 1.674485105961276074e-02
3.606427641621214431e+00 1.674503545558355191e-02
3.613640496904456878e+00 1.674558326405119896e-02
3.620867777898265860e+00 1.674476984279440334e-02
3.628109513454062185e+00 1.674446679530573051e-02
3.635365732480970280e+00 1.674520249330634439e-02
3.642636463945932324e+00 1.674455434565603681e-02
3.649921736873824152e+00 1.674512727067477280e-02
3.657221580347571610e+00 1.674487980819354058e-02
3.664536023508266904e+00 1.674497567963402489e-02
3.671865095555283620e+00 1.674475016445193046e-02
3.679208825746394407e+00 1.674462772761262097e-02
3.686567243397887328e+00 1.674438435296417976e-02
3.693940377884683102e+00 1.674536277825977235e-02
3.701328258640452340e+00 1.674462150356127374e-02
3.708730915157733232e+00 1.674482521519585557e-02
3.716148376988048785e+00 1.674458308669524512e-02
3.723580673742024949e+00 1.674434111410875656e-02
3.731027835089509193e+00 1.674443830925129509e-02
3.738489890759688183e+00 1.674462852786720579e-02
3.745966870541207694e+00 1.674488345377351389e-02
3.753458804282290284e+00 1.674435085714037069e-02
3.760965721890854763e+00 1.674431128088366139e-02
3.768487653334636533e+00 1.674417047264085967e-02
3.776024628641305725e+00 1.674396626223634624e-02
3.783576677898588425e+00 1.674410796660433243e-02
3.791143831254385699e+00 1.674434122043386847e-02
3.798726118916894379e+00 1.674410987454246283e-02
3.806323571154728302e+00 1.674424549536586773e-02
3.813936218297037772e+00 1.674393337230029380e-02
3.821564090733631680e+00 1.674415555194147531e-02
3.829207218915098743e+00 1.674451372701798654e-02
3.836865633352928739e+00 1.674423973901733101e-02
3.844539364619634636e+00 1.674393022185283880e-02
3.852228443348873821e+00 1.674415488257638418e-02
3.859932900235571562e+00 1.674391554740565016e-02
3.867652766036042689e+00 1.674408420543891871e-02
3.875388071568114601e+00 1.674393178660673123e-02
3.883138847711250730e+00 1.674392015189673372e-02
3.890905125406673104e+00 1.674436051978302198e-02
3.898686935657486252e+00 1.674411866821874650e-02
3.906484309528801102e+00 1.674409628786818066e-02
3.914297278147858883e+00 1.674420524656280648e-02
3.922125872704154581e+00 1.674399813763590567e-02
3.929970124449563063e+00 1.674404391204772913e-02
3.937830064698462085e+00 1.674395937793786079e-02
3.945705724827858862e+00 1.674403175439802965e-02
3.953597136277514412e+00 1.674401277276084746e-02
3.961504330550069231e+00 1.674392728145616960e-02
3.969427339211169414e+00 1.674433262397789085e-02
3.977366193889591894e+00 1.674474386809935225e-02
3.985320926277371001e+00 1.674400071184066474e-02
3.993291568129925917e+00 1.674429626996903897e-02
4.001278151266185468e+00 1.674496062474220906e-02
4.009280707568717794e+00 1.674420652384358069e-02
4.017299268983855143e+00 1.674432289041269742e-02
4.025333867521823095e+00 1.674514463056341398e-02
4.033384535256867132e+00 1.674451793172139144e-02
4.041451304327380534e+00 1.674475370071898048e-02
4.049534206936034941e+00 1.674435213979008630e-02
4.057633275349907365e+00 1.674494114031071373e-02
4.065748541900607194e+00 1.674443179682345850e-02
4.073880038984408536e+00 1.674486678559871863e-02
4.082027799062377227e+00 1.674525005763161101e-02
4.090191854660502280e+00 1.674477488677388742e-02
4.098372238369822895e+00 1.674485302415907456e-02
4.106568982846562577e+00 1.674488308127957195e-02
4.114782120812256139e+00 1.674494470215549466e-02
4.123011685053880271e+00 1.674578980720450860e-02
4.131257708423987651e+00 1.674702732826248777e-02
4.139520223840835733e+00 1.674652545217216251e-02
4.147799264288517307e+00 1.674485080155011310e-02
4.156094862817094615e+00 1.674850589885029661e-02
4.164407052542729026e+00 1.674630148473713748e-02
4.172735866647814262e+00 1.699687058438013876e-02
4.181081338381109624e+00 1.703348647061717763e-02
4.189443501057871444e+00 1.713005601543254180e-02
4.197822388059987198e+00 1.722426216221675799e-02
4.206218032836106957e+00 1.722233702879004402e-02
4.214630468901779281e+00 1.730817064744620548e-02
4.223059729839582666e+00 1.732614798828140124e-02
4.231505849299261435e+00 1.736561968917094481e-02
4.239968860997859856e+00 1.736683145554532293e-02
4.248448798719855368e+00 1.740176665239192080e-02
4.256945696317295358e+00 1.741288241477289764e-02
4.265459587709930389e+00 1.742219021198542286e-02
4.273990506885350094e+00 1.740977717480169523e-02
4.282538487899120838e+00 1.737199435353554630e-02
4.291103564874918952e+00 1.740887688089677240e-02
4.299685772004668394e+00 1.739241401329786468e-02
4.308285143548677532e+00 1.745150588884156542e-02
4.316901713835775034e+00 1.741861178324462939e-02
4.325535517263446650e+00 1.744767335362957736e-02
4.334186588297973763e+00 1.745023014243840542e-02
4.342854961474569286e+00 1.743995610359748774e-02
4.351540671397517990e+00 1.746187533520666274e-02
4.360243752740313283e+00 1.743592265655998647e-02
4.368964240245793995e+00 1.744166150087720496e-02
4.377702168726285592e+00 1.741114532505222065e-02
4.386457573063737847e+00 1.743883879055628180e-02
4.395230488209865172e+00 1.742768521964208409e-02
4.404020949186285172e+00 1.742713103008269176e-02
4.412828991084658092e+00 1.740972441499680570e-02
4.421654649066827147e+00 1.742939551276858831e-02
4.430497958364960631e+00 1.744619616584899141e-02
4.439358954281690472e+00 1.738923641981502538e-02
4.448237672190253456e+00 1.735177885826275079e-02
4.457134147534634216e+00 1.738333875195514217e-02
4.466048415829703799e+00 1.740717539770547315e-02
4.474980512661363541e+00 1.732152599184399663e-02
4.483930473686686291e+00 1.733258320961000506e-02
4.492898334634059410e+00 1.732887923326966936e-02
4.501884131303327763e+00 1.730255287535584219e-02
4.510887899565934056e+00 1.727851275762683561e-02
4.519909675365066271e+00 1.728455972723370176e-02
4.528949494715796220e+00 1.723387280396068352e-02
4.538007393705227877e+00 1.725864155719323417e-02
4.547083408492638590e+00 1.720626554521306056e-02
4.556177575309623862e+00 1.715973013036208028e-02
4.565289930460243006e+00 1.721060211585314151e-02
4.574420510321163924e+00 1.711522021121959086e-02
4.583569351341806097e+00 1.712941785296693414e-02
4.592736490044489805e+00 1.706182982624280392e-02
4.601921963024579121e+00 1.720799569790632325e-02
4.611125806950628458e+00 1.708955661194248507e-02
4.620348058564530014e+00 1.701301935601744197e-02
4.629588754681659424e+00 1.704510981732938399e-02
4.638847932191022316e+00 1.703070812308196680e-02
4.648125628055404412e+00 1.697867601213346248e-02
4.657421879311515411e+00 1.693379685102134463e-02
4.666736723070138204e+00 1.693416835082913949e-02
4.676070196516278088e+00 1.694409263453542508e-02
4.685422336909310204e+00 1.688704221058609165e-02
4.694793181583128749e+00 1.688099515751984719e-02
4.704182767946295307e+00 1.686661242294812055e-02
4.713591133482188056e+00 1.684276835784502546e-02
4.723018315749152762e+00 1.682172230622343626e-02
4.732464352380651107e+00 1.683231636462511477e-02
4.741929281085412562e+00 1.684435287025611364e-02
4.751413139647583606e+00 1.683362405269803533e-02
4.760915965926878712e+00 1.682091184685410856e-02
4.770437797858732232e+00 1.680659361441883340e-02
4.779978673454449378e+00 1.679574918684171442e-02
4.789538630801358110e+00 1.678592910550195591e-02
4.799117708062961007e+00 1.677708970560310917e-02
4.808715943479087152e+00 1.678079213178415574e-02
4.818333375366044891e+00 1.677838708463788228e-02
4.827970042116777272e+00 1.677718067128195975e-02
4.837625982201011254e+00 1.678305657932690001e-02
4.847301234165413142e+00 1.678136175292468252e-02
4.856995836633744013e+00 1.678317577607386230e-02
4.866709828307011598e+00 1.698830824431783737e-02
4.876443247963625716e+00 1.696501284552866598e-02
4.886196134459552809e+00 1.694939628513403990e-02
4.895968526728472270e+00 1.696087626240590923e-02
4.905760463781929204e+00 1.682036001802613215e-02
4.915571984709493414e+00 1.685380648530946865e-02
4.925403128678912168e+00 1.686487764545068976e-02
4.935253934936270070e+00 1.679224469076348245e-02
4.945124442806142717e+00 1.682995925060235334e-02
4.955014691691754791e+00 1.694133063972505515e-02
4.964924721075138159e+00 1.676034739498907106e-02
4.974854570517288188e+00 1.676053635932623839e-02
4.984804279658322734e+00 1.676301223025031609e-02
4.994773888217639346e+00 1.685435278806107079e-02
5.004763435994074250e+00 1.677106576837475785e-02
5.014772962866062223e+00 1.691167625343189401e-02
5.024802508791794686e+00 1.679220690528015689e-02
5.034852113809378693e+00 1.677574733448020453e-02
5.044921818036997685e+00 1.678204599075672210e-02
5.055011661673071366e+00 1.684393539673224166e-02
5.065121684996417351e+00 1.685082256886203528e-02
5.075251928366410148e+00 1.675807717304065095e-02
5.085402432223142810e+00 1.677076160254184836e-02
5.095573237087589469e+00 1.676712576895836998e-02
5.105764383561764319e+00 1.684744140454055156e-02
5.115975912328887709e+00 1.678615099692481322e-02
5.126207864153545124e+00 1.678161965994075938e-02
5.136460279881852387e+00 1.675903021673950943e-02
5.146733200441616418e+00 1.686509640923722353e-02
5.157026666842499552e+00 1.678595798519009336e-02
5.167340720176184732e+00 1.676986206521453512e-02
5.177675401616537165e+00 1.675459940635215528e-02
5.188030752419770408e+00 1.679984503631267931e-02
5.198406813924609793e+00 1.678413722337062514e-02
5.208803627552459403e+00 1.676354271213932254e-02
5.219221234807564613e+00 1.674978319360340834e-02
5.229659677277179952e+00 1.675725424253371107e-02
5.240118996631734305e+00 1.681762327278836511e-02
5.250599234624997891e+00 1.676378184846798181e-02
5.261100433094247464e+00 1.675560133235904151e-02
5.271622633960435955e+00 1.676590566961961432e-02
5.282165879228356786e+00 1.678592644489162317e-02
5.292730210986813510e+00 1.679241846800366006e-02
5.303315671408786791e+00 1.677052831723007884e-02
5.313922302751604043e+00 1.675403703752233187e-02
5.324550147357107299e+00 1.678243314421116322e-02
5.335199247651821075e+00 1.677431018668684715e-02
5.345869646147124676e+00 1.678705539298231200e-02
5.356561385439419176e+00 1.676491179274580343e-02
5.367274508210297945e+00 1.677860300054599685e-02
5.378009057226718959e+00 1.679733791995574599e-02
5.388765075341172661e+00 1.677653584655780863e-02
5.399542605491855163e+00 1.675172084774678369e-02
5.410341690702838768e+00 1.681962258190268164e-02
5.421162374084244284e+00 1.680559648850543306e-02
5.432004698832412437e+00 1.676903207597240861e-02
5.442868708230077068e+00 1.676732160967532928e-02
5.453754445646537441e+00 1.681527750940448040e-02
5.464661954537830546e+00 1.678584644660273059e-02
5.475591278446906074e+00 1.676026029225199943e-02
5.486542461003799609e+00 1.677707657415737977e-02
5.497515545925807601e+00 1.675749112097595778e-02
5.508510577017658782e+00 1.676805572810389361e-02
5.519527598171694471e+00 1.678365864365009841e-02
5.530566653368038210e+00 1.678104918285821048e-02
5.541627786674774292e+00 1.675998563188951795e-02
5.552711042248123618e+00 1.687121477353456869e-02
5.563816464332619560e+00 1.681944153875781361e-02
5.574944097261284703e+00 1.677421071627617846e-02
5.586093985455807598e+00 1.679421993967804630e-02
5.597266173426719504e+00 1.675431663738958035e-02
5.608460705773572919e+00 1.675291562696640951e-02
5.619677627185120095e+00 1.677936695693727637e-02
5.630916982439490681e+00 1.679627733949532603e-02
5.642178816404369357e+00 1.676424368724293082e-02
5.653463174037177907e+00 1.680354173069869769e-02
5.664770100385251972e+00 1.681664976664824090e-02
5.676099640586022232e+00 1.682185821015029850e-02
5.687451839867194714e+00 1.678384355136496378e-02
5.698826743546929308e+00 1.675755389523483907e-02
5.710224397034022736e+00 1.683337429787024400e-02
5.721644845828090631e+00 1.683327961677318421e-02
5.733088135519746942e+00 1.679724848385338518e-02
5.744554311790786016e+00 1.676090868408665335e-02
5.756043420414367340e+00 1.676092184540294711e-02
5.767555507255195835e+00 1.684153780971633235e-02
5.779090618269706603e+00 1.682486523333688241e-02
5.790648799506246114e+00 1.675561112328258218e-02
5.802230097105258722e+00 1.677644185443317310e-02
5.813834557299469630e+00 1.675856622087039394e-02
5.825462226414068745e+00 1.676790967205803173e-02
5.837113150866897193e+00 1.676819805606981004e-02
5.848787377168631174e+00 1.678226619222394911e-02
5.860484951922968477e+00 1.676574761031655522e-02
5.872205921826814112e+00 1.680375059591945539e-02
5.883950333670467714e+00 1.677576462508930527e-02
5.895718234337808283e+00 1.687631042730680653e-02
5.907509670806484259e+00 1.676560741215422229e-02
5.919324690148097368e+00 1.678183922662537797e-02
5.931163339528393585e+00 1.675527403908740054e-02
5.943025666207450541e+00 1.676787606645182074e-02
5.954911717539865812e+00 1.675995131590804835e-02
5.966821540974945215e+00 1.679560699924733183e-02
5.978755184056895544e+00 1.676884846982316241e-02
5.990712694425009310e+00 1.676981273739054645e-02
6.002694119813859253e+00 1.675279757858594981e-02
6.014699508053486632e+00 1.676323125140966389e-02
6.026728907069593966e+00 1.676814131486338913e-02
6.038782364883733322e+00 1.675431890700722001e-02
6.050859929613500832e+00 1.680828632514918403e-02
6.062961649472727643e+00 1.676148367236975079e-02
6.075087572771672662e+00 1.679106787748679136e-02
6.087237747917216169e+00 1.676681656237857809e-02
6.099412223413050782e+00 1.675969984617886946e-02
6.111611047859876855e+00 1.678903849883481292e-02
6.123834269955596987e+00 1.675652982036703390e-02
6.136081938495507870e+00 1.674515393565745650e-02
6.148354102372499241e+00 1.677290115378074140e-02
6.160650810577243952e+00 1.675573160840703943e-02
6.172972112198398698e+00 1.677526638454383129e-02
6.185318056422795863e+00 1.677453115775716028e-02
6.197688692535641586e+00 1.676374413840843458e-02
6.210084069920712935e+00 1.674902468019004789e-02
6.222504238060554194e+00 1.674985733302898974e-02
6.234949246536674927e+00 1.675062365171282180e-02
6.247419145029748044e+00 1.675696560343628572e-02
6.259913983319807862e+00 1.675472897015012688e-02
6.272433811286447281e+00 1.675059860782956295e-02
6.284978678909020289e+00 1.674301382357340495e-02
6.297548636266838251e+00 1.674407455267763051e-02
6.310143733539371524e+00 1.674632308202071360e-02
6.322764021006450186e+00 1.674611244852155720e-02
6.335409549048462985e+00 1.674768570308685089e-02
6.348080368146559849e+00 1.675548038831951858e-02
6.360776528882852610e+00 1.674392498035005145e-02
6.373498081940618398e+00 1.675104649413561297e-02
6.386245078104499484e+00 1.675499694846851323e-02
6.399017568260708444e+00 1.674918583237396466e-02
6.411815603397229779e+00 1.682592749209740196e-02
6.424639234604024196e+00 1.674594113007965221e-02
6.437488513073231999e+00 1.678755892887549839e-02
6.450363490099378261e+00 1.683850405760540028e-02
6.463264217079577101e+00 1.674906293786021516e-02
6.476190745513735969e+00 1.681109997302017434e-02
6.489143127004763478e+00 1.676192760470846671e-02
6.502121413258772797e+00 1.678917099928278756e-02
6.515125656085290373e+00 1.679095414573512912e-02
6.528155907397461100e+00 1.682460352026742337e-02
6.541212219212256151e+00 1.680992133775448955e-02
6.554294643650680818e+00 1.683191673771153307e-02
6.567403232937982338e+00 1.681601677096133257e-02
6.580538039403858619e+00 1.682700992017099190e-02
6.593699115482666073e+00 1.689993747840249153e-02
6.606886513713631004e+00 1.675688481198111743e-02
6.620100286741058326e+00 1.696158502531695117e-02
6.633340487314540290e+00 1.692885966709746504e-02
6.646607168289169643e+00 1.679238390626593483e-02
6.659900382625748350e+00 1.686236875830689902e-02
6.673220183390999871e+00 1.681353408281616862e-02
6.686566623757781436e+00 1.690293159322656807e-02
6.699939757005297203e+00 1.679371876184145365e-02
6.713339636519307874e+00 1.683041783728991131e-02
6.726766315792346518e+00 1.682090301053194500e-02
6.740219848423930848e+00 1.679620707718300354e-02
6.753700288120779049e+00 1.682590494161980560e-02
6.767207688697020274e+00 1.683381863114231936e-02
6.780742104074414023e+00 1.682028303683621301e-02
6.794303588282562423e+00 1.682969876200827303e-02
6.807892195459127826e+00 1.679537225779264425e-02
6.821507979850045977e+00 1.677727596190971976e-02
6.835150995809746277e+00 1.687721455491516392e-02
6.848821297801365837e+00 1.680976667199717695e-02
6.862518940396968858e+00 1.689598796953677845e-02
6.876243978277762459e+00 1.680618062576985303e-02
6.889996466234317829e+00 1.679074878199896328e-02
6.903776459166786061e+00 1.682131861500467396e-02
6.917584012085119305e+00 1.681328867705303431e-02
6.931419180109289258e+00 1.677376834797843566e-02
6.945282018469507435e+00 1.679193850639854393e-02
6.959172582506446325e+00 1.690203914122292636e-02
6.973090927671459660e+00 1.677366837818172404e-02
6.987037109526802681e+00 1.677018093155963410e-02
7.001011183745855959e+00 1.679424667105319097e-02
7.015013206113347444e+00 1.679207263877837905e-02
7.029043232525574503e+00 1.680591733695575504e-02
7.043101318990625970e+00 1.683935089228187285e-02
7.057187521628606852e+00 1.680546233724696317e-02
7.071301896671863929e+00 1.679303363905491203e-02
7.085444500465207796e+00 1.678923408332300138e-02
7.099615389466138460e+00 1.679782981331681690e-02
7.113814620245070941e+00 1.679169839440132830e-02
7.128042249485560866e+00 1.676349170668600327e-02
7.142298333984531844e+00 1.680041514092387236e-02
7.156582930652501062e+00 1.678335496138020494e-02
7.170896096513805773e+00 1.684812072081282378e-02
7.185237888706833331e+00 1.675466213913532482e-02
7.199608364484246792e+00 1.678303805324513065e-02
7.214007581213214948e+00 1.676163466270641500e-02
7.228435596375641481e+00 1.680201947382239935e-02
7.242892467568392334e+00 1.678328471997397528e-02
7.257378252503529303e+00 1.687590130056604992e-02
7.271893009008536524e+00 1.679804827883795565e-02
7.286436795026553170e+00 1.677187988287326056e-02
7.301009668616606163e+00 1.679010898281540001e-02
7.315611687953839315e+00 1.674900276438683402e-02
7.330242911329746924e+00 1.680224800604965610e-02
7.344903397152406477e+00 1.684614970297262579e-02
7.359593203946711348e+00 1.680829226753936811e-02
7.374312390354604396e+00 1.678785838462341917e-02
7.389061015135313326e+00 1.677326574686550595e-02
7.403839137165584283e+00 1.676272422017544006e-02
7.418646815439915443e+00 1.676153277394166335e-02
7.433484109070795043e+00 1.681482540864212560e-02
7.448351077288936750e+00 1.674414376502031745e-02
7.463247779443515029e+00 1.682024555893051401e-02
7.478174275002402283e+00 1.685424993935432519e-02
7.493130623552406888e+00 1.675902392540502481e-02
7.508116884799512114e+00 1.675620649324166891e-02
7.523133118569111488e+00 1.674861958687503052e-02
7.538179384806249494e+00 1.679157342304915188e-02
7.553255743575862269e+00 1.678344130528701406e-02
7.568362255063013855e+00 1.682458814557702409e-02
7.583498979573139565e+00 1.680729847052748333e-02
7.598665977532285787e+00 1.684363729615612898e-02
7.613863309487350683e+00 1.683617953025442690e-02
7.629091036106325774e+00 1.676450056631366425e-02
7.644349218178538408e+00 1.676709807854677436e-02
7.659637916614895126e+00 1.682226546218484886e-02
7.674957192448125021e+00 1.675440513751785473e-02
7.690307106833021322e+00 1.674408319212742149e-02
7.705687721046687422e+00 1.678863626326119324e-02
7.721099096488781122e+00 1.675034932128893067e-02
7.736541294681758885e+00 1.684015689086929002e-02
7.752014377271122747e+00 1.674272429881587879e-02
7.767518406025664568e+00 1.680194594470518082e-02
7.783053442837715608e+00 1.675265205412924605e-02
7.798619549723390776e+00 1.675390489250264126e-02
7.814216788822837323e+00 1.677347573863647440e-02
7.829845222400482641e+00 1.676850364821943357e-02
7.845504912845283840e+00 1.672441568009070886e-02
7.861195922670974667e+00 1.675901973448477508e-02
7.876918314516316855e+00 1.677476176755101148e-02
7.892672151145349702e+00 1.687030456307070034e-02
7.908457495447640540e+00 1.678074678162422631e-02
7.924274410438536087e+00 1.677569376844396248e-02
7.940122959259412916e+00 1.674070096283615874e-02
7.956003205177931470e+00 1.686196081980292569e-02
7.971915211588287420e+00 1.675217054773042030e-02
7.987859042011463906e+00 1.676590010625755162e-02
8.003834760095486445e+00 1.676670759025046531e-02
8.019842429615676949e+00 1.680825565059169274e-02
8.035882114474908633e+00 1.677238744492655018e-02
8.051953878703859147e+00 1.679337391310011668e-02
8.068057786461267256e+00 1.675116106305411107e-02
8.084193902034190415e+00 1.674201025238482646e-02
8.100362289838258789e+00 1.677070535786654229e-02
8.116563014417934596e+00 1.677540824437069936e-02
8.132796140446769684e+00 1.674240369732088451e-02
8.149061732727663099e+00 1.677702826630498439e-02
8.165359856193118659e+00 1.676445252511871500e-02
8.181690575905504303e+00 1.674893810691863508e-02
8.198053957057314989e+00 1.677017908911786551e-02
8.214450064971430265e+00 1.675340000269353452e-02
8.230878965101373623e+00 1.676386523529835304e-02
8.247340723031577170e+00 1.673234954964469487e-02
8.263835404477640978e+00 1.678072136018595936e-02
8.280363075286595986e+00 1.675887822403186386e-02
8.296923801437168677e+00 1.672483750671614408e-02
8.313517649040042201e+00 1.673573154895687670e-02
8.330144684338122829e+00 1.676386106091456996e-02
8.346804973706799302e+00 1.673906454939019794e-02
8.363498583654212837e+00 1.675527120783005738e-02
8.380225580821521802e+00 1.676353183924199353e-02
8.396986031983164622e+00 1.673462532852592125e-02
8.413780004047131555e+00 1.670676142552545915e-02
8.430607564055225822e+00 1.673221814500915408e-02
8.447468779183335386e+00 1.675530908387828227e-02
8.464363716741701182e+00 1.672051461589307494e-02
8.481292444175185352e+00 1.675060838443656955e-02
8.498255029063535915e+00 1.675774874924650104e-02
8.515251539121662105e+00 1.673061409201460903e-02
8.532282042199906158e+00 1.670232736994323175e-02
8.549346606284306205e+00 1.672928527513852306e-02
8.566445299496875165e+00 1.672832323676369873e-02
8.583578190095868976e+00 1.670925528226513065e-02
8.600745346476060149e+00 1.670730026878635907e-02
8.617946837169013108e+00 1.672447784584021879e-02
8.635182730843350640e+00 1.671183745225100423e-02
8.652453096305038116e+00 1.671477259392950554e-02
8.669758002497648164e+00 1.671134657120341288e-02
8.687097518502643112e+00 1.672144952971876125e-02
8.704471713539648547e+00 1.669945996032042371e-02
8.721880656966728651e+00 1.671552067376967654e-02
8.739324418280661533e+00 1.670691979279420938e-02
8.756803067117223449e+00 1.671995093559850223e-02
8.774316673251457033e+00 1.669480009373413426e-02
8.791865306597959062e+00 1.671424134053036900e-02
8.809449037211155797e+00 1.671261896709069078e-02
8.827067935285578315e+00 1.670000291797846259e-02
8.844722071156150278e+00 1.670536523812491195e-02
8.862411515298463272e+00 1.670891822619693240e-02
8.880136338329061019e+00 1.669081028920071236e-02
8.897896611005718270e+00 1.668515515656488618e-02
8.915692404227730350e+00 1.669270470417657387e-02
8.933523789036184937e+00 1.669248729466245307e-02
8.951390836614256941e+00 1.669740112153586184e-02
8.969293618287485614e+00 1.670329879190365213e-02
8.987232205524060547e+00 1.670024562048175176e-02
9.005206669935109431e+00 1.668747679595541586e-02
9.023217083274980510e+00 1.671187563615977173e-02
9.041263517441530340e+00 1.669261255431863863e-02
9.059346044476413340e+00 1.669955332533825873e-02
9.077464736565366010e+00 1.668692366975076460e-02
9.095619666038496476e+00 1.670409511906162381e-02
9.113810905370574034e+00 1.669256966684735596e-02
9.132038527181315146e+00 1.669400141687338648e-02
9.150302604235678317e+00 1.669462386525576852e-02
9.168603209444150082e+00 1.669574585362387092e-02
9.186940415863038112e+00 1.668440773637027211e-02
9.205314296694764309e+00 1.668896995892126325e-02
9.223724925288154353e+00 1.669177678340262941e-02
9.242172375138730800e+00 1.669017221627926498e-02
9.260656719889007960e+00 1.668371207403953477e-02
9.279178033328786768e+00 1.668310849762830866e-02
9.297736389395444334e+00 1.667945153094276683e-02
9.316331862174235923e+00 1.667470269546207987e-02
9.334964525898584498e+00 1.668129637914016541e-02
9.353634454950380928e+00 1.666467872201998074e-02
9.372341723860282414e+00 1.667442708707874560e-02
9.391086407308003814e+00 1.667299753000760221e-02
9.409868580122619619e+00 1.668090790830492262e-02
9.428688317282864162e+00 1.668169950290846609e-02
9.447545693917430043e+00 1.668964508199193703e-02
9.466440785305264782e+00 1.667004341933593647e-02
9.485373666875874576e+00 1.667904550445921050e-02
9.504344414209626279e+00 1.668177397318836019e-02
9.523353103038045830e+00 1.666234506214846547e-02
9.542399809244122011e+00 1.665477068125323368e-02
9.561484608862610202e+00 1.666254037944354602e-02
9.580607578080336140e+00 1.665912067886725356e-02
9.599768793236496123e+00 1.667035672829539003e-02
9.618968330822969648e+00 1.666467620361695989e-02
9.638206267484616063e+00 1.665711284064306727e-02
9.657482680019585430e+00 1.666184770061414702e-02
9.676797645379624058e+00 1.665541843745088277e-02
9.696151240670383586e+00 1.665386237258929814e-02
9.715543543151724748e+00 1.665339787762267973e-02
9.734974630238028226e+00 1.665149661162636241e-02
9.754444579498503742e+00 1.665808494347583574e-02
9.773953468657500920e+00 1.665043762768561239e-02
9.793501375594816594e+00 1.664363515381074576e-02
9.813088378346005669e+00 1.666591234316343317e-02
9.832714555102697318e+00 1.664590047208857129e-02
9.852379984212902286e+00 1.665858435688665276e-02
9.872084744181327309e+00 1.664298279390917512e-02
9.891828913669689527e+00 1.671475005089948992e-02
9.911612571497029123e+00 1.665559938304408613e-02
9.931435796640023739e+00 1.664036099076390482e-02
9.951298668233304667e+00 1.664668802734444245e-02
9.971201265569771266e+00 1.665834748430461421e-02
9.991143668100910702e+00 1.663611818137608958e-02
1.001112595543711237e+01 1.664082630613911498e-02
